0.000132561, 32.0962, 198.904, 610.211, 175.378, 55.6219, 64.9962, 600.943
0.0445516, 32.0962, 198.904, 610.211, 175.378, 55.6219, 64.9962, 600.943
0.0988111, 32.1859, 198.814, 609.631, 173.836, 57.1637, 63.6594, 599.041
0.144004, 32.5018, 198.498, 608.97, 172.769, 58.2314, 62.7611, 597.415
0.202337, 32.5018, 198.498, 608.97, 172.769, 58.2314, 62.7611, 597.415
0.25153, 32.9018, 198.098, 608.448, 172.679, 58.3212, 62.6912, 596.788
0.301121, 33.417, 197.583, 607.322, 172.454, 58.5455, 62.5103, 595.436
0.344236, 33.639, 197.361, 606.238, 175.352, 55.6485, 64.9186, 597.372
0.395587, 33.4055, 197.594, 605.425, 175.545, 55.4549, 65.0849, 596.758
0.441928, 33.284, 197.716, 604.123, 175.69, 55.3096, 65.2097, 595.609
0.496377, 33.284, 197.716, 604.123, 175.69, 55.3096, 65.2097, 595.609
0.546937, 32.9742, 198.026, 601.112, 173.934, 57.0659, 63.7198, 590.756
0.591837, 33.0333, 197.967, 599.673, 173.93, 57.0705, 63.7154, 589.315
0.642578, 33.013, 197.987, 598.099, 173.927, 57.0732, 63.7129, 587.737
0.696544, 33.0417, 197.958, 596.515, 172.613, 58.3869, 62.6288, 584.821
0.745251, 33.3484, 197.652, 595.129, 171.802, 59.1978, 61.9666, 582.667
0.790887, 33.1137, 197.886, 593.806, 171.742, 59.258, 61.9203, 581.266
0.841658, 33.0572, 197.943, 592.577, 171.667, 59.3331, 61.8617, 579.951
0.892305, 32.887, 198.113, 591.551, 170.857, 60.1428, 61.2122, 578.16
0.941114, 32.887, 198.113, 591.551, 170.857, 60.1428, 61.2122, 578.16
0.993125, 32.714, 198.286, 589.841, 170.026, 60.9742, 60.6219, 575.357
1.04069, 32.714, 198.286, 589.841, 170.026, 60.9742, 60.6219, 575.357
1.08888, 32.5063, 198.494, 587.87, 170.641, 60.3589, 61.265, 573.18
1.14042, 32.479, 198.521, 586.89, 170.906, 60.0937, 61.8108, 570.905
1.18888, 32.1084, 198.892, 585.61, 178.279, 52.7214, 68.3197, 573.258
1.24689, 32.3467, 198.653, 584.51, 177.379, 53.6206, 67.9519, 569.335
1.28836, 32.099, 198.901, 583.209, 176.622, 54.3783, 67.8042, 565.313
1.33771, 32.099, 198.901, 583.209, 176.622, 54.3783, 67.8042, 565.313
1.39563, 31.8181, 199.182, 580.461, 175.525, 55.4752, 68.1046, 557.472
1.44755, 31.8984, 199.102, 579.225, 175.181, 55.8191, 68.5253, 553.85
1.48999, 31.8984, 199.102, 579.225, 175.181, 55.8191, 68.5253, 553.85
1.53781, 31.0002, 200, 576.013, 174.618, 56.382, 69.4515, 546.46
1.59638, 30.5623, 200.438, 573.718, 174.42, 56.5802, 69.8866, 542.527
1.63761, 30.5553, 200.445, 571.078, 174.289, 56.7111, 70.3391, 538.447
1.69086, 30.5553, 200.445, 571.078, 174.289, 56.7111, 70.3391, 538.447
1.73888, 30.9494, 200.051, 565.366, 173.976, 57.0241, 71.1248, 530.198
1.79127, 30.817, 200.183, 562.425, 173.767, 57.2334, 71.4726, 526.026
1.83591, 30.74, 200.26, 559.862, 173.653, 57.3466, 71.9293, 522.22
1.88773, 30.74, 200.26, 559.862, 173.653, 57.3466, 71.9293, 522.22
1.93558, 30.6578, 200.342, 555.237, 173.559, 57.4414, 73.0134, 515.099
1.98801, 30.46, 200.54, 553.594, 173.567, 57.4328, 73.6691, 512.115
2.03466, 30.4607, 200.539, 552.09, 173.593, 57.407, 74.3997, 509.196
2.09276, 30.3434, 200.657, 551.003, 173.674, 57.3256, 75.1833, 506.711
2.13829, 30.5495, 200.45, 549.823, 173.862, 57.1377, 76.0277, 504.236
2.18653, 30.5967, 200.403, 549.065, 174.162, 56.8382, 77.0683, 502.008
2.24513, 30.6207, 200.379, 548.694, 174.413, 56.5867, 78.1626, 500.027
2.28427, 30.8318, 200.168, 548.022, 174.589, 56.4114, 79.3693, 497.483
2.33357, 31.0531, 199.947, 547.311, 175.536, 55.4642, 81.4602, 494.492
2.38972, 31.1781, 199.822, 546.282, 175.736, 55.2643, 82.1013, 492.648
2.43567, 31.1781, 199.822, 546.282, 175.736, 55.2643, 82.1013, 492.648
2.48433, 31.6613, 199.339, 544.283, 176.115, 54.8847, 83.2549, 489.245
2.53459, 31.8492, 199.151, 543.131, 175.981, 55.0191, 87.8428, 480.652
2.59383, 32.6005, 198.399, 541.487, 175.718, 55.2818, 90.9563, 474.184
2.63389, 33.1809, 197.819, 539.754, 175.561, 55.4385, 93.4532, 468.816
2.68312, 33.3517, 197.648, 537.379, 175.444, 55.5562, 95.4772, 463.554
2.73555, 33.3103, 197.69, 535.057, 175.322, 55.6782, 97.155, 458.846
2.78625, 33.0371, 197.963, 532.386, 175.148, 55.852, 98.4777, 454.219
2.83689, 32.7515, 198.249, 529.731, 174.91, 56.0903, 99.4127, 450.08
2.89153, 32.7515, 198.249, 529.731, 174.91, 56.0903, 99.4127, 450.08
2.93609, 32.3194, 198.681, 524.496, 174.511, 56.4894, 100.587, 442.89
2.9832, 32.22, 198.78, 522.208, 174.498, 56.5022, 101.207, 439.767
3.03073, 32.2813, 198.719, 520.231, 174.562, 56.4382, 101.85, 437.02
3.08191, 32.2842, 198.716, 518.291, 174.618, 56.3824, 102.427, 434.38
3.13069, 32.362, 198.638, 516.347, 174.656, 56.344, 103.065, 431.661
3.18083, 32.3118, 198.688, 514.926, 174.706, 56.2939, 103.876, 429.253
3.23544, 32.3118, 198.688, 514.926, 174.706, 56.2939, 103.876, 429.253
3.27988, 32.4423, 198.558, 512.473, 174.489, 56.5111, 106.1, 423.918
3.33713, 32.4423, 198.558, 512.473, 174.489, 56.5111, 106.1, 423.918
3.38042, 32.3218, 198.678, 509.931, 173.929, 57.0711, 108.031, 418.62
3.43014, 32.3218, 198.678, 509.931, 173.929, 57.0711, 108.031, 418.62
3.48022, 32.2649, 198.735, 506.821, 173.344, 57.6559, 110.487, 412.202
3.53493, 32.2649, 198.735, 506.821, 173.344, 57.6559, 110.487, 412.202
3.58319, 32.2728, 195.727, 505.19, 173.914, 54.0857, 111.924, 409.283
3.63057, 32.2857, 198.714, 501.478, 174.142, 56.8583, 117.145, 399.811
3.67849, 32.3527, 198.647, 499.089, 174.159, 56.8411, 120.23, 394.056
3.73448, 32.3769, 198.623, 496.672, 174.205, 56.7946, 123.418, 388.245
3.77738, 32.3769, 198.623, 496.672, 174.205, 56.7946, 123.418, 388.245
3.83126, 32.2179, 198.782, 491.188, 174.38, 56.6204, 129.538, 376.435
3.87767, 32.2179, 198.782, 491.188, 174.38, 56.6204, 129.538, 376.435
3.92974, 32.3468, 198.653, 485.716, 174.657, 56.3432, 134.73, 365.919
3.97731, 32.3468, 198.653, 485.716, 174.657, 56.3432, 134.73, 365.919
4.03518, 32.5334, 198.467, 480.502, 174.845, 56.1546, 138.525, 357.149
4.08154, 32.5314, 198.469, 478.565, 174.815, 56.1855, 139.924, 353.862
4.13092, 32.5699, 198.43, 476.846, 174.746, 56.2535, 141.179, 350.941
4.1766, 32.5699, 198.43, 476.846, 174.746, 56.2535, 141.179, 350.941
4.22789, 32.8503, 198.15, 473.906, 174.389, 56.6106, 143.434, 345.843
4.27668, 33.2854, 197.715, 472.543, 174.213, 56.7868, 144.465, 343.605
4.32779, 33.2854, 197.715, 472.543, 174.213, 56.7868, 144.465, 343.605
4.37648, 34.2718, 196.728, 470.131, 173.708, 57.2922, 146.614, 339.39
4.42822, 34.2718, 196.728, 470.131, 173.708, 57.2922, 146.614, 339.39
4.47597, 34.8151, 196.185, 467.468, 173.192, 57.8079, 148.776, 334.83
4.52928, 34.8151, 196.185, 467.468, 173.192, 57.8079, 148.776, 334.83
4.58516, 35.2852, 195.715, 464.637, 172.853, 58.1467, 152.694, 328.733
4.62583, 35.2852, 195.715, 464.637, 172.853, 58.1467, 152.694, 328.733
4.68535, 34.8224, 196.178, 462.155, 173.814, 57.1862, 157.345, 322.612
4.7304, 34.8224, 196.178, 462.155, 173.814, 57.1862, 157.345, 322.612
4.77638, 35.0788, 195.921, 456.296, 173.925, 57.0749, 165.706, 310.465
4.87834, 35.5412, 195.459, 450.346, 174.047, 56.9534, 173.086, 299.581
4.92582, 35.5412, 195.459, 450.346, 174.047, 56.9534, 173.086, 299.581
4.98993, 35.6066, 195.393, 444.87, 173.844, 57.1564, 176.171, 292.176
5.02476, 35.6066, 195.393, 444.87, 173.844, 57.1564, 176.171, 292.176
5.07371, 35.6821, 195.318, 442.411, 173.767, 57.233, 177.585, 288.901
5.13424, 35.7997, 195.2, 440.159, 173.741, 57.2593, 178.902, 285.946
5.17687, 35.976, 195.024, 436.456, 173.717, 57.2827, 181.265, 281.019
5.22367, 35.9269, 195.073, 435.082, 173.749, 57.251, 182.347, 279.038
5.28078, 35.8984, 195.102, 433.5, 173.727, 57.2726, 183.299, 276.95
5.32399, 35.8984, 195.102, 433.5, 173.727, 57.2726, 183.299, 276.95
5.37733, 36.0026, 194.997, 432.033, 173.707, 57.2928, 184.185, 275.092
5.42475, 36.1289, 194.871, 429.286, 173.676, 57.3238, 185.06, 272.056
5.47394, 36.1266, 194.873, 427.625, 173.676, 57.3238, 185.06, 270.488
5.52225, 35.8877, 195.112, 426.027, 173.676, 57.3238, 185.06, 268.855
5.6215, 35.5916, 195.408, 422.654, 173.676, 57.3238, 185.06, 265.518
5.67788, 35.5811, 195.419, 420.608, 173.676, 57.3238, 185.06, 263.589
5.73101, 35.4577, 195.542, 418.133, 167.929, 63.0711, 197.749, 254.072
5.77434, 35.4577, 195.542, 418.133, 167.929, 63.0711, 197.749, 254.072
5.82183, 35.3751, 195.625, 412.993, 166.154, 64.8461, 198.35, 248.917
5.92013, 35.486, 195.514, 407.636, 165.122, 65.8783, 199.578, 243.607
5.97176, 35.6011, 195.399, 405.154, 164.615, 66.3847, 199.892, 241.314
9.31316, 40.231, 190.769, 304.213, 165.361, 65.639, 321.087, 250.385
9.35457, 40.2645, 190.735, 302.14, 165.666, 65.3343, 322.374, 251.898
9.50958, 40.3621, 190.638, 296.451, 166.018, 64.9823, 325.213, 255.587
9.61246, 40.6223, 190.378, 292.566, 165.349, 65.6509, 327.808, 259.391
10.054, 40.2341, 184.766, 286.656, 163.988, 61.012, 334.339, 267.837
10.1027, 40.1801, 190.82, 285.958, 164.673, 66.327, 334.266, 267.679
10.1525, 40.1381, 190.862, 285.167, 165.2, 65.7996, 334.534, 267.989
10.2037, 40.0218, 190.978, 283.395, 165.843, 65.157, 335.795, 269.581
10.2513, 40.3538, 190.646, 282.218, 166.033, 64.967, 336.646, 271.103
10.3019, 40.3538, 190.646, 282.218, 166.033, 64.967, 336.646, 271.103
10.355, 40.6039, 190.396, 280.35, 164.553, 66.4472, 350.136, 288.505
10.4026, 40.7203, 190.28, 279.407, 164.022, 66.9775, 353.909, 293.627
10.454, 40.9203, 190.08, 278.21, 163.526, 67.4738, 357.069, 298.159
10.5006, 40.9203, 190.08, 278.21, 163.526, 67.4738, 357.069, 298.159
10.5565, 41.2939, 189.706, 275.054, 162.995, 68.0054, 362.107, 305.807
10.706, 41.5807, 189.419, 271.313, 162.297, 68.7025, 365.585, 311.73
10.751, 41.767, 189.233, 267.314, 162.018, 68.9816, 367.963, 316.257
10.8023, 41.8318, 189.168, 265.272, 161.695, 69.305, 368.674, 317.964
10.9585, 41.6827, 189.317, 261.76, 161.612, 69.3877, 369.956, 320.702
10.9983, 41.7, 189.3, 259.05, 161.442, 69.5579, 371.297, 323.448
11.0491, 41.6657, 189.334, 258.042, 161.528, 69.4722, 372.123, 324.841
11.1505, 42.064, 188.936, 256.377, 161.658, 69.3416, 373.877, 328.053
11.1975, 42.064, 188.936, 256.377, 161.658, 69.3416, 373.877, 328.053
11.2487, 42.6552, 182.345, 254.596, 161.404, 63.5963, 376.117, 332.201
11.298, 42.6552, 182.345, 254.596, 161.404, 63.5963, 376.117, 332.201
11.3934, 42.6561, 188.344, 254.596, 161.405, 69.5954, 376.117, 332.201
11.4474, 44.0961, 186.904, 250.916, 159.917, 71.0833, 382.736, 343.831
11.5556, 44.975, 186.025, 248.617, 158.334, 72.6664, 386.487, 350.741
11.5967, 44.975, 186.025, 248.617, 158.334, 72.6664, 386.487, 350.741
11.6536, 51.9904, 185.01, 245.704, 162.936, 74.0635, 392.078, 360.459
11.696, 45.9904, 185.01, 245.704, 156.936, 74.0635, 392.078, 360.459
11.7959, 46.8291, 184.171, 242.895, 157.016, 73.9844, 400.018, 372.941
11.9012, 47.6015, 183.398, 239.245, 157.201, 73.7994, 405.986, 383.157
12.3926, 48.0903, 179.91, 220.335, 159.447, 68.5529, 417.666, 407.996
12.7963, 45.2122, 182.788, 213.952, 158.159, 69.8414, 427.144, 422.503
12.8912, 44.8252, 186.175, 211.868, 159.545, 71.4547, 428.52, 425.001
12.943, 44.8252, 186.175, 211.868, 159.545, 71.4547, 428.52, 425.001
12.9904, 44.72, 186.28, 210.634, 160.115, 70.8848, 429.49, 426.831
13.0455, 44.2728, 186.727, 208.064, 159.761, 71.2395, 437.234, 438.735
13.0899, 44.0048, 186.995, 206.577, 159.214, 71.7855, 441.651, 445.615
13.1455, 43.7896, 187.21, 204.825, 158.594, 72.406, 445.18, 451.474
13.1892, 43.717, 187.283, 202.915, 158.114, 72.8856, 448.034, 456.567
13.2454, 43.728, 187.272, 200.779, 157.667, 73.3335, 450.717, 461.615
13.2892, 43.728, 187.272, 200.779, 157.667, 73.3335, 450.717, 461.615
13.3451, 43.8255, 187.174, 196.323, 156.721, 74.2785, 455.082, 470.52
13.3935, 43.8674, 187.133, 194.151, 156.441, 74.5593, 457.027, 474.595
13.4394, 43.9607, 187.039, 192.148, 156.193, 74.8074, 458.234, 477.574
13.4937, 44.1116, 186.888, 190.042, 155.964, 75.0364, 459.764, 481.108
13.5393, 44.0823, 186.918, 188.163, 155.917, 75.0829, 460.889, 483.809
13.5877, 44.0818, 183.918, 188.163, 155.917, 72.0833, 460.889, 483.809
13.6379, 44.0409, 186.959, 186.566, 155.998, 75.0021, 461.566, 485.692
13.6915, 43.9132, 187.087, 184.143, 156.134, 74.8663, 462.916, 488.972
13.7376, 43.8372, 187.163, 183.209, 156.194, 74.8059, 463.059, 489.695
13.7898, 43.8493, 184.151, 182.281, 156.291, 71.7089, 463.382, 490.716
13.8444, 43.8493, 184.151, 182.281, 156.291, 71.7089, 463.382, 490.716
13.8973, 44.0614, 186.939, 180.582, 156.709, 74.2912, 464.355, 493.195
13.9376, 44.1259, 186.874, 179.831, 157.028, 73.9717, 465.052, 494.63
13.9911, 44.3316, 183.668, 178.863, 157.232, 70.7685, 465.971, 496.613
14.0354, 44.5765, 186.423, 177.879, 157.119, 73.8813, 467.027, 498.876
14.0862, 44.857, 186.143, 176.865, 157.038, 73.9622, 468.182, 501.314
14.1387, 45.3072, 185.693, 175.66, 156.76, 74.2401, 469.236, 503.859
14.1939, 45.7412, 185.259, 174.508, 156.544, 74.4564, 470.355, 506.446
14.239, 46.2118, 184.788, 173.278, 156.124, 74.8761, 472.181, 510.131
14.2942, 46.6335, 184.366, 171.872, 155.609, 75.3909, 474.438, 514.522
14.3344, 47.0868, 183.913, 170.72, 154.254, 76.7458, 474.934, 516.419
14.3858, 47.4947, 183.505, 169.311, 152.896, 78.104, 475.755, 518.909
14.4345, 47.4947, 183.505, 169.311, 152.896, 78.104, 475.755, 518.909
14.49, 48.3203, 182.68, 165.544, 153.291, 77.7092, 485.033, 534.802
14.5357, 48.3203, 182.68, 165.544, 153.291, 77.7092, 485.033, 534.802
14.584, 48.9023, 182.098, 161.258, 153.888, 77.1124, 492.205, 547.938
14.6374, 48.9023, 182.098, 161.258, 153.888, 77.1124, 492.205, 547.938
14.6837, 49.088, 181.912, 156.911, 154.452, 76.5476, 498.471, 559.672
14.7338, 49.1541, 181.846, 154.822, 154.782, 76.2183, 501.165, 564.859
14.7866, 49.1329, 181.867, 152.93, 155.085, 75.9153, 503.541, 569.435
14.8338, 49.1329, 181.867, 152.93, 155.085, 75.9153, 503.541, 569.435
14.8825, 49.1582, 181.842, 149.617, 155.531, 75.4689, 507.838, 577.708
14.9323, 49.1554, 181.845, 148.404, 155.765, 75.2352, 509.435, 580.762
14.9919, 49.1613, 181.839, 147.361, 155.858, 75.1424, 510.711, 583.273
15.0322, 49.1609, 178.839, 147.361, 155.857, 72.1429, 510.711, 583.273
15.0818, 49.0273, 181.973, 146.51, 155.939, 75.0612, 511.812, 585.34
15.1322, 48.6149, 182.385, 145.137, 155.985, 75.0146, 513.715, 588.782
15.19, 48.6149, 182.385, 145.137, 155.985, 75.0146, 513.715, 588.782
15.2305, 48.1763, 179.824, 143.833, 155.62, 72.3805, 515.387, 591.907
15.2909, 48.1768, 182.823, 143.833, 155.62, 75.3801, 515.387, 591.907
15.331, 47.641, 183.359, 142.609, 155.495, 75.5054, 516.873, 594.645
15.3878, 47.369, 177.631, 141.979, 155.255, 69.7451, 517.732, 596.219
15.4465, 47.3699, 183.63, 141.979, 155.256, 75.7443, 517.732, 596.219
15.4838, 46.9296, 184.07, 140.472, 155.468, 75.5317, 519.412, 599.446
15.5323, 46.7515, 184.249, 139.6, 155.171, 75.8293, 520.034, 600.918
15.5836, 46.6063, 184.394, 138.643, 154.939, 76.0612, 520.716, 602.547
15.6302, 46.6063, 184.394, 138.643, 154.939, 76.0612, 520.716, 602.547
15.6859, 46.3494, 184.651, 137.031, 154.933, 76.0669, 523.972, 608.218
15.7296, 46.2493, 184.751, 135.89, 155.816, 75.1841, 524.381, 609.465
15.7827, 46.2581, 184.742, 134.239, 156.514, 74.4864, 525.107, 611.612
15.8416, 46.2581, 184.742, 134.239, 156.514, 74.4864, 525.107, 611.612
15.8793, 46.5965, 184.404, 130.355, 157.708, 73.2921, 527.251, 617.497
15.9287, 46.9691, 184.031, 128.045, 156.885, 74.1149, 535.149, 630.69
15.9789, 47.3766, 183.623, 125.574, 156.129, 74.8714, 540.187, 639.964
16.0305, 47.7186, 183.281, 123.131, 155.654, 75.3459, 544.193, 647.7
16.078, 47.7186, 183.281, 123.131, 155.654, 75.3459, 544.193, 647.7
16.1277, 48.139, 182.861, 118.857, 154.518, 76.4816, 550.381, 660.083
16.1785, 48.2816, 182.718, 117.387, 154.114, 76.8862, 551.82, 663.376
16.2327, 48.2816, 182.718, 117.387, 154.114, 76.8862, 551.82, 663.376
16.2771, 48.3656, 182.634, 115.286, 153.418, 77.5822, 555.72, 670.684
16.3267, 48.3656, 182.634, 115.286, 153.418, 77.5822, 555.72, 670.684
16.378, 48.5419, 182.458, 113.736, 153.063, 77.9373, 558.079, 675.362
16.4298, 48.6629, 182.337, 113.09, 152.957, 78.0426, 559.166, 677.471
16.4767, 48.6629, 182.337, 113.09, 152.957, 78.0426, 559.166, 677.471
16.5255, 48.7725, 182.227, 112.551, 152.883, 78.117, 560.067, 679.223
16.5854, 49.0806, 181.919, 111.652, 152.533, 78.4668, 561.337, 681.882
16.6274, 49.0806, 181.919, 111.652, 152.533, 78.4668, 561.337, 681.882
16.6766, 49.258, 181.742, 111.288, 152.211, 78.7893, 561.92, 683.095
16.7256, 53.1146, 177.885, 102.258, 152.257, 78.7431, 562.824, 692.799
16.7761, 54.6775, 176.322, 99.2777, 152.007, 78.9927, 564.756, 698.436
16.827, 54.6775, 176.322, 99.2777, 152.007, 78.9927, 564.756, 698.436
16.885, 55.596, 172.404, 97.227, 151.735, 76.2645, 567.081, 703.699
16.9296, 55.5965, 175.404, 97.227, 151.736, 79.2641, 567.081, 703.699
16.9747, 56.133, 174.867, 94.6552, 151.235, 79.7648, 568.863, 708.553
17.0241, 56.133, 174.867, 94.6552, 151.235, 79.7648, 568.863, 708.553
17.0834, 56.2915, 174.708, 91.5414, 150.968, 80.0316, 571.171, 714.511
17.1248, 56.2915, 174.708, 91.5414, 150.968, 80.0316, 571.171, 714.511
17.176, 56.2653, 174.735, 87.9878, 149.907, 81.0931, 575.747, 724.179
17.2294, 56.2653, 174.735, 87.9878, 149.907, 81.0931, 575.747, 724.179
17.274, 56.2627, 174.737, 84.5773, 149.411, 81.589, 581.957, 736.064
17.3291, 56.2627, 174.737, 84.5773, 149.411, 81.589, 581.957, 736.064
17.3725, 56.2077, 174.792, 83.1227, 149.471, 81.5285, 585.171, 741.926
17.4304, 56.0906, 174.909, 81.8398, 149.603, 81.3966, 588.691, 748.072
17.4793, 55.6063, 175.394, 79.6774, 149.661, 81.3387, 595.286, 759.422
17.5285, 55.6063, 175.394, 79.6774, 149.661, 81.3387, 595.286, 759.422
17.5723, 54.9273, 176.073, 77.8242, 149.854, 81.146, 600.949, 769.233
17.6269, 54.4736, 176.526, 76.9922, 149.951, 81.0488, 603.199, 773.265
17.6773, 54.4736, 176.526, 76.9922, 149.951, 81.0488, 603.199, 773.265
17.7234, 53.4597, 177.54, 75.3726, 150.139, 80.861, 606.729, 780.031
17.7731, 53.0244, 177.976, 74.5503, 150.091, 80.9093, 607.976, 782.768
17.823, 53.0244, 177.976, 74.5503, 150.091, 80.9093, 607.976, 782.768
17.8704, 52.4267, 178.573, 73.8261, 150.035, 80.9645, 608.896, 785.01
17.9226, 54.9926, 176.007, 71.3475, 149.722, 81.2783, 610.37, 789.478
17.9698, 55.9529, 175.047, 69.9047, 149.344, 81.6557, 610.987, 791.86
18.0301, 54.7214, 176.279, 67.3929, 149.167, 81.8329, 611.627, 796.159
18.0747, 54.7214, 176.279, 67.3929, 149.167, 81.8329, 611.627, 796.159
18.1201, 52.6626, 178.337, 64.8236, 148.167, 82.8334, 613.171, 803.292
18.1694, 51.8706, 179.129, 64.1049, 147.939, 83.0611, 613.86, 806.258
18.2285, 51.2074, 179.793, 63.6289, 147.783, 83.2166, 614.556, 808.971
18.2704, 51.2074, 179.793, 63.6289, 147.783, 83.2166, 614.556, 808.971
18.325, 50.1565, 180.843, 63.1557, 147.778, 83.2218, 616.661, 814.747
18.3684, 49.8079, 181.192, 63.0119, 147.616, 83.3839, 617.577, 817.22
18.4223, 49.5765, 181.423, 62.8465, 147.375, 83.625, 618.553, 819.757
18.4675, 49.5765, 181.423, 62.8465, 147.375, 83.625, 618.553, 819.757
18.5204, 49.5263, 181.474, 62.2979, 147.321, 83.6788, 622.123, 827.189
18.5702, 49.599, 181.401, 61.9861, 148.335, 82.6646, 623.065, 829.702
18.6177, 49.607, 181.393, 61.7772, 148.653, 82.3475, 628.805, 839.088
18.6675, 49.607, 181.393, 61.7772, 148.653, 82.3475, 628.805, 839.088
18.7166, 49.7136, 181.286, 61.5231, 148.705, 82.2951, 634.514, 848.503
18.7705, 48.752, 182.248, 62.4106, 149.425, 81.5747, 645.026, 863.506
