1.90735e-06 , 178.922 , 52.0779 , 86.9731 , 28.2798 , 202.72 , 512.928 , 470.913
0.0389898 , 178.848 , 52.1524 , 87.0965 , 28.2458 , 202.754 , 512.582 , 470.315
0.105279 , 178.803 , 52.1966 , 87.1755 , 28.2299 , 202.77 , 512.36 , 469.936
0.127802 , 178.803 , 52.1966 , 87.1755 , 28.2299 , 202.77 , 512.36 , 469.936
0.190387 , 172.827 , 52.1725 , 87.3966 , 25.4814 , 199.519 , 508.194 , 465.145
0.233105 , 178.861 , 52.1392 , 87.5666 , 32.6139 , 198.386 , 507.303 , 463.918
0.278283 , 172.861 , 52.1392 , 87.5666 , 26.6139 , 198.386 , 507.303 , 463.918
0.329902 , 178.937 , 52.0628 , 87.8161 , 33.3593 , 197.641 , 506.606 , 462.886
0.407203 , 179.022 , 51.9784 , 88.1157 , 34.9135 , 196.086 , 504.776 , 460.576
0.435135 , 179.022 , 57.9775 , 88.1157 , 34.9144 , 202.086 , 504.776 , 460.576
0.483557 , 173.022 , 51.9784 , 88.1157 , 29.6264 , 195.374 , 502.588 , 458.357
0.53048 , 179.022 , 51.9784 , 88.1157 , 35.6264 , 195.374 , 502.588 , 458.357
0.612459 , 173.022 , 51.9784 , 88.1157 , 30.4476 , 194.552 , 500.275 , 456
0.637166 , 179.022 , 57.9775 , 88.1157 , 36.6667 , 200.333 , 499.096 , 454.831
0.685398 , 179.022 , 51.9784 , 88.1157 , 36.6659 , 194.334 , 499.096 , 454.831
0.74024 , 179.022 , 51.9784 , 88.1157 , 36.8564 , 194.144 , 497.901 , 453.651
0.78487 , 179.529 , 51.471 , 104.012 , 36.9153 , 194.085 , 496.695 , 432.812
0.836527 , 180.432 , 50.5679 , 105.934 , 36.7371 , 194.263 , 495.593 , 430.456
0.89098 , 179.23 , 51.7696 , 107.913 , 36.6235 , 194.376 , 494.322 , 425.665
0.929591 , 179.13 , 51.8698 , 109.887 , 36.5315 , 194.469 , 493.138 , 422.155
0.980118 , 173.155 , 51.8445 , 111.964 , 30.6392 , 194.361 , 491.652 , 418.355
1.04206 , 179.364 , 57.6361 , 116.155 , 36.7049 , 200.295 , 488.055 , 410.372
1.12966 , 179.437 , 57.5625 , 117.986 , 37.5389 , 199.461 , 487.428 , 407.633
1.14991 , 179.403 , 51.5966 , 119.544 , 38.6245 , 192.376 , 486.683 , 404.946
1.18499 , 179.403 , 51.5966 , 119.544 , 38.6245 , 192.376 , 486.683 , 404.946
1.23065 , 179.36 , 57.6404 , 120.95 , 39.4224 , 197.578 , 485.632 , 402.189
1.28743 , 172.949 , 58.0506 , 123.502 , 31.8217 , 199.178 , 476.563 , 390.747
1.33658 , 178.949 , 52.0515 , 123.502 , 37.8208 , 193.179 , 476.563 , 390.747
1.38421 , 178.749 , 58.2515 , 124.919 , 37.0463 , 199.954 , 473.379 , 386.182
1.43329 , 178.234 , 52.7657 , 127.846 , 35.5176 , 195.482 , 467.811 , 377.665
1.48801 , 178.235 , 58.7648 , 127.846 , 35.5185 , 201.482 , 467.811 , 377.665
1.53756 , 177.54 , 53.46 , 131.068 , 34.3657 , 196.634 , 463.706 , 370.047
1.57998 , 177.541 , 59.4591 , 131.068 , 34.3665 , 202.633 , 463.706 , 370.047
1.63323 , 177.959 , 53.0406 , 134.691 , 33.6085 , 197.392 , 460.566 , 363.878
1.68429 , 178.103 , 52.8971 , 137.334 , 33.5065 , 197.494 , 459.052 , 359.886
1.73402 , 178.104 , 58.8962 , 137.334 , 33.5073 , 203.493 , 459.052 , 359.886
1.78109 , 178.766 , 52.2343 , 142.466 , 33.6394 , 197.361 , 455.937 , 352.284
1.84081 , 178.766 , 52.2343 , 142.466 , 33.6394 , 197.361 , 455.937 , 352.284
1.88851 , 178.754 , 58.246 , 144.434 , 34.0264 , 202.974 , 452.247 , 346.768
1.94667 , 178.753 , 52.2468 , 144.434 , 34.0255 , 196.975 , 452.247 , 346.768
1.98564 , 178.895 , 52.1048 , 146.318 , 33.433 , 197.567 , 449.577 , 342.678
2.03467 , 178.896 , 58.104 , 146.318 , 33.4338 , 203.566 , 449.577 , 342.678
2.08973 , 179.728 , 51.2725 , 150.949 , 33.2449 , 197.755 , 444.613 , 334.26
2.1307 , 173.728 , 51.2725 , 150.949 , 27.2449 , 197.755 , 444.613 , 334.26
2.19628 , 179.774 , 51.2262 , 153.224 , 33.5407 , 197.459 , 440.907 , 328.582
2.28723 , 179.623 , 51.377 , 155.064 , 33.8844 , 197.116 , 437.221 , 323.193
2.30562 , 179.39 , 51.6099 , 156.778 , 34.2802 , 196.72 , 434.004 , 318.286
2.42172 , 179.135 , 51.8654 , 158.716 , 34.5599 , 196.44 , 430.91 , 313.305
2.55023 , 178.798 , 52.2021 , 160.926 , 34.7696 , 196.23 , 428.153 , 308.337
2.64447 , 178.433 , 58.5667 , 165.725 , 35.0712 , 201.929 , 423.502 , 299.177
2.66449 , 172.196 , 52.804 , 170.282 , 28.935 , 196.065 , 419.404 , 291.076
2.68328 , 172.054 , 52.9464 , 173.978 , 28.971 , 196.029 , 415.097 , 283.698
2.7071 , 177.962 , 53.0375 , 175.575 , 35.2407 , 195.759 , 412.636 , 279.894
2.73747 , 177.962 , 53.0375 , 175.575 , 35.2407 , 195.759 , 412.636 , 279.894
2.7702 , 177.859 , 53.1405 , 177.034 , 35.274 , 195.726 , 410.31 , 276.42
2.79368 , 177.667 , 53.3334 , 178.361 , 35.1474 , 195.853 , 407.891 , 272.982
2.81417 , 177.667 , 59.3325 , 178.361 , 35.1483 , 201.852 , 407.891 , 272.982
2.8469 , 171.667 , 53.3334 , 178.361 , 29.1474 , 195.853 , 407.891 , 272.982
2.89198 , 170.911 , 54.0892 , 181.254 , 30.7601 , 194.24 , 405.503 , 267.079
2.94316 , 176.492 , 54.5078 , 182.872 , 36.4708 , 194.529 , 400.736 , 261.256
2.99819 , 170.492 , 54.5078 , 182.872 , 30.4708 , 194.529 , 400.736 , 261.256
3.04044 , 169.555 , 55.4454 , 186.344 , 29.606 , 195.394 , 393.55 , 251.573
3.0961 , 169.082 , 55.9181 , 188.359 , 29.0023 , 195.998 , 390.651 , 247.199
3.13982 , 168.595 , 56.4049 , 190.823 , 28.5001 , 196.5 , 388.056 , 242.684
3.19163 , 174.595 , 56.4049 , 190.823 , 34.5001 , 196.5 , 388.056 , 242.684
3.23958 , 174.159 , 56.8406 , 195.831 , 33.7756 , 197.224 , 383.817 , 234.849
3.29661 , 168.159 , 56.8406 , 195.831 , 27.7756 , 197.224 , 383.817 , 234.849
3.34741 , 168.133 , 56.8674 , 200.879 , 27.6598 , 197.34 , 380.021 , 227.591
3.3975 , 168.133 , 56.8674 , 200.879 , 27.6598 , 197.34 , 380.021 , 227.591
3.47295 , 168.256 , 56.7441 , 204.526 , 27.8763 , 197.124 , 376.272 , 221.628
3.49164 , 174.256 , 56.7441 , 204.526 , 33.8763 , 197.124 , 376.272 , 221.628
3.55605 , 168.278 , 56.7218 , 206.916 , 28.7516 , 196.248 , 371.981 , 215.941
3.6064 , 168.278 , 56.7218 , 206.916 , 28.7516 , 196.248 , 371.981 , 215.941
3.64689 , 174.3 , 56.6997 , 208.12 , 34.0701 , 196.93 , 371.384 , 214.868
3.69607 , 174.644 , 62.3563 , 212.949 , 33.9229 , 203.077 , 366.177 , 207.503
3.75743 , 174.643 , 56.3572 , 212.949 , 33.922 , 197.078 , 366.177 , 207.503
3.78668 , 174.582 , 62.4177 , 214.944 , 34.2641 , 202.736 , 362.467 , 202.985
3.85086 , 174.051 , 62.9489 , 218.458 , 34.9979 , 202.002 , 355.918 , 194.729
3.89194 , 168.05 , 56.9498 , 218.458 , 28.997 , 196.003 , 355.918 , 194.729
3.93685 , 167.709 , 57.2907 , 220.505 , 29.3417 , 195.658 , 353.106 , 190.746
3.99725 , 165.967 , 59.0326 , 223.767 , 29.5464 , 195.454 , 348.065 , 183.23
4.04588 , 165.967 , 59.0326 , 223.767 , 29.5464 , 195.454 , 348.065 , 183.23
4.10135 , 165.856 , 59.144 , 226.837 , 29.376 , 195.624 , 345.984 , 179.729
4.13823 , 165.742 , 59.2575 , 232.149 , 29.3839 , 195.616 , 342.296 , 173.726
4.20181 , 165.742 , 59.2575 , 232.149 , 29.3839 , 195.616 , 342.296 , 173.726
4.24765 , 165.771 , 59.2285 , 236.593 , 29.4542 , 195.546 , 338.723 , 168.717
4.29434 , 165.771 , 59.2285 , 236.593 , 29.4542 , 195.546 , 338.723 , 168.717
4.35838 , 165.719 , 59.2809 , 238.546 , 29.593 , 195.407 , 336.87 , 166.294
4.40382 , 165.339 , 59.6611 , 241.867 , 29.4104 , 195.59 , 333.104 , 161.975
4.43798 , 165.339 , 59.6611 , 241.867 , 29.4104 , 195.59 , 333.104 , 161.975
4.50321 , 170.485 , 60.515 , 245.092 , 35.2025 , 195.798 , 328.709 , 157.163
4.54846 , 164.485 , 60.515 , 245.092 , 29.2025 , 195.798 , 328.709 , 157.163
4.59296 , 169.609 , 61.3906 , 248.643 , 34.9487 , 196.051 , 323.69 , 152.19
4.65544 , 169.205 , 61.795 , 250.499 , 34.7081 , 196.292 , 321.203 , 149.945
4.69602 , 169.205 , 61.795 , 250.499 , 34.7081 , 196.292 , 321.203 , 149.945
4.7586 , 163.164 , 61.836 , 254.195 , 28.1989 , 196.801 , 316.875 , 146.856
4.79345 , 163.164 , 61.836 , 254.195 , 28.1989 , 196.801 , 316.875 , 146.856
4.84373 , 168.29 , 62.71 , 259.371 , 33.7742 , 197.226 , 313.573 , 143.121
4.90019 , 168.29 , 62.71 , 259.371 , 33.7742 , 197.226 , 313.573 , 143.121
4.94577 , 167.976 , 63.0237 , 264.001 , 33.8679 , 197.132 , 310.717 , 140.281
5.01007 , 161.976 , 63.0237 , 264.001 , 27.8679 , 197.132 , 310.717 , 140.281
5.04428 , 167.943 , 63.0574 , 266.046 , 34.1019 , 196.898 , 309.192 , 139.007
5.10045 , 167.941 , 63.0588 , 267.962 , 34.4341 , 196.566 , 307.587 , 137.773
5.15054 , 168.161 , 62.8386 , 271.067 , 35.2212 , 195.779 , 304.166 , 135.768
5.20486 , 168.307 , 62.693 , 272.415 , 35.6899 , 195.31 , 302.269 , 134.839
5.23996 , 162.307 , 62.693 , 272.415 , 29.6899 , 195.31 , 302.269 , 134.839
5.29655 , 168.626 , 62.3741 , 275.535 , 35.4877 , 195.512 , 299.457 , 134.389
5.34285 , 162.626 , 62.3741 , 275.535 , 29.4877 , 195.512 , 299.457 , 134.389
5.3944 , 162.493 , 62.5069 , 279.056 , 29.547 , 195.453 , 294.707 , 133.304
5.44434 , 162.413 , 62.5869 , 280.877 , 30.2325 , 194.768 , 291.348 , 132.26
5.50014 , 162.413 , 62.5869 , 280.877 , 30.2325 , 194.768 , 291.348 , 132.26
5.55844 , 162.362 , 62.6376 , 285.084 , 31.321 , 193.679 , 285.727 , 131.146
5.63271 , 160.433 , 64.5672 , 287.071 , 32.1179 , 192.882 , 281.164 , 128.887
5.65553 , 160.433 , 64.5672 , 287.071 , 32.1179 , 192.882 , 281.164 , 128.887
5.71375 , 160.403 , 64.5968 , 291.427 , 32.2603 , 192.74 , 279.352 , 129.457
5.75756 , 160.964 , 64.0358 , 295.149 , 32.4771 , 192.523 , 277.593 , 130.682
5.80016 , 160.964 , 64.0358 , 295.149 , 32.4771 , 192.523 , 277.593 , 130.682
5.85625 , 161.694 , 63.3057 , 300.537 , 32.7224 , 192.278 , 274.142 , 133.056
5.9068 , 162.138 , 62.8619 , 302.75 , 32.8508 , 192.149 , 272.501 , 134.356
5.95448 , 162.285 , 62.715 , 304.603 , 33.1627 , 191.837 , 270.654 , 135.248
6.00296 , 162.285 , 62.715 , 304.603 , 33.1627 , 191.837 , 270.654 , 135.248
6.05149 , 162.228 , 62.7723 , 308.251 , 33.7531 , 191.247 , 266.714 , 137.11
6.10128 , 161.909 , 63.0913 , 309.997 , 33.9239 , 191.076 , 264.644 , 138.08
6.14527 , 161.562 , 63.4379 , 311.706 , 34.0565 , 190.943 , 262.268 , 139.285
6.19326 , 161.562 , 63.4379 , 311.706 , 34.0565 , 190.943 , 262.268 , 139.285
6.2497 , 161.104 , 63.8959 , 315.192 , 34.3793 , 190.621 , 257.369 , 142.282
6.30028 , 160.961 , 64.0394 , 317.107 , 34.2925 , 190.707 , 254.954 , 144.342
6.34851 , 160.961 , 64.0394 , 317.107 , 34.2925 , 190.707 , 254.954 , 144.342
6.39839 , 162.362 , 62.6379 , 318.816 , 33.8723 , 191.128 , 250.537 , 149.012
6.44802 , 162.362 , 62.6379 , 318.816 , 33.8723 , 191.128 , 250.537 , 149.012
6.4965 , 160.738 , 64.2622 , 326.425 , 33.1741 , 191.826 , 247.111 , 154.555
6.55413 , 160.315 , 64.685 , 329.726 , 32.9094 , 192.091 , 245.697 , 157.294
6.60265 , 160.315 , 64.685 , 329.726 , 32.9094 , 192.091 , 245.697 , 157.294
6.64978 , 159.761 , 65.2389 , 335.383 , 32.9964 , 192.004 , 242.67 , 162.214
6.71259 , 159.641 , 65.3589 , 337.68 , 33.2047 , 191.795 , 241.039 , 164.481
6.77175 , 159.544 , 65.4559 , 339.781 , 33.5887 , 191.411 , 239.227 , 166.653
6.79365 , 165.606 , 65.3936 , 341.78 , 40.0328 , 190.967 , 237.363 , 168.9
6.85029 , 165.606 , 65.3936 , 341.78 , 40.0328 , 190.967 , 237.363 , 168.9
6.9016 , 165.912 , 65.0878 , 345.391 , 40.8148 , 190.185 , 232.919 , 174.03
6.94586 , 159.912 , 65.0878 , 345.391 , 34.8148 , 190.185 , 232.919 , 174.03
6.99851 , 159.875 , 65.1251 , 348.84 , 35.4077 , 189.592 , 227.466 , 180.002
7.04815 , 159.847 , 65.1525 , 350.559 , 35.5714 , 189.429 , 224.614 , 183.299
7.10372 , 159.65 , 65.3504 , 352.281 , 35.7679 , 189.232 , 221.761 , 186.535
7.15271 , 159.65 , 65.3504 , 352.281 , 35.7679 , 189.232 , 221.761 , 186.535
7.19476 , 159.841 , 65.1589 , 356.253 , 35.9987 , 189.001 , 216.299 , 193.869
7.25034 , 158.9 , 66.0999 , 357.024 , 36.0346 , 188.965 , 213.928 , 195.9
7.30928 , 158.041 , 66.9585 , 357.963 , 36.0236 , 188.976 , 211.752 , 198.027
7.35498 , 164.041 , 66.9585 , 357.963 , 42.0236 , 188.976 , 211.752 , 198.027
7.39621 , 157.279 , 67.7212 , 359.107 , 35.998 , 189.002 , 209.69 , 200.322
7.45534 , 158.051 , 66.9488 , 364.383 , 35.8583 , 189.142 , 207.836 , 206.68
7.5043 , 159.116 , 65.8842 , 370.985 , 35.7814 , 189.219 , 204.065 , 215.957
7.54949 , 159.116 , 65.8842 , 370.985 , 35.7814 , 189.219 , 204.065 , 215.957
7.59958 , 159.53 , 65.4697 , 375.242 , 35.5763 , 189.424 , 200.062 , 223.429
7.66106 , 165.571 , 65.4294 , 376.88 , 41.4093 , 189.591 , 197.695 , 227.102
7.7061 , 159.571 , 65.4294 , 376.88 , 35.4093 , 189.591 , 197.695 , 227.102
7.74737 , 165.523 , 65.4766 , 379.921 , 40.9522 , 190.048 , 192.539 , 234.768
7.80425 , 159.523 , 65.4766 , 379.921 , 34.9522 , 190.048 , 192.539 , 234.768
7.84708 , 165.213 , 65.7868 , 381.462 , 40.6411 , 190.359 , 189.799 , 238.767
7.90098 , 158.865 , 66.1351 , 383.247 , 34.1564 , 190.844 , 187.265 , 242.96
7.9521 , 160.004 , 64.9956 , 384.522 , 33.0692 , 191.931 , 182.661 , 249.832
7.9984 , 160.004 , 64.9956 , 384.522 , 33.0692 , 191.931 , 182.661 , 249.832
8.07855 , 158.543 , 66.4574 , 391.041 , 32.5053 , 192.495 , 179.073 , 258.917
8.09918 , 158.543 , 66.4574 , 391.041 , 32.5053 , 192.495 , 179.073 , 258.917
8.15967 , 158.164 , 66.8363 , 394.276 , 32.2731 , 192.727 , 177.682 , 263.19
8.19761 , 157.63 , 67.3702 , 400.078 , 32.4523 , 192.548 , 173.817 , 271.795
8.2555 , 157.63 , 67.3702 , 400.078 , 32.4523 , 192.548 , 173.817 , 271.795
8.31986 , 163.428 , 67.5716 , 402.631 , 38.6371 , 192.363 , 171.654 , 275.996
8.36722 , 157.161 , 67.8389 , 406.753 , 33.7734 , 191.227 , 167.086 , 283.191
8.41267 , 157.161 , 67.8389 , 406.753 , 33.7734 , 191.227 , 167.086 , 283.191
8.4742 , 157.36 , 67.6403 , 410.374 , 34.858 , 190.142 , 162.531 , 290.205
8.5045 , 157.36 , 67.6403 , 410.374 , 34.858 , 190.142 , 162.531 , 290.205
8.55557 , 157.553 , 67.4473 , 413.921 , 35.7579 , 189.242 , 157.105 , 298.28
8.61622 , 157.383 , 67.6168 , 415.725 , 36.1374 , 188.863 , 154.313 , 302.447
8.65516 , 157.383 , 67.6168 , 415.725 , 36.1374 , 188.863 , 154.313 , 302.447
8.70479 , 157.189 , 67.8112 , 417.492 , 36.5406 , 188.459 , 151.528 , 306.57
8.77528 , 156.994 , 68.0063 , 421.676 , 37.3714 , 187.629 , 146.21 , 315.266
8.8017 , 156.994 , 68.0063 , 421.676 , 37.3714 , 187.629 , 146.21 , 315.266
8.85977 , 155.063 , 69.9374 , 423.476 , 38.0576 , 186.942 , 141.521 , 320.824
8.97702 , 155.063 , 69.9374 , 423.476 , 38.0576 , 186.942 , 141.521 , 320.824
9.02598 , 155.605 , 69.3947 , 434.532 , 38.6812 , 186.319 , 135.12 , 337.758
9.05005 , 155.605 , 69.3947 , 434.532 , 38.6812 , 186.319 , 135.12 , 337.758
9.07608 , 156.116 , 68.8842 , 437.789 , 38.8093 , 186.191 , 133.12 , 343.048
9.11522 , 162.116 , 68.8842 , 437.789 , 44.8093 , 186.191 , 133.12 , 343.048
9.16097 , 162.116 , 68.8842 , 437.789 , 44.8093 , 186.191 , 133.12 , 343.048
9.21813 , 156.817 , 68.183 , 444.573 , 39.7734 , 185.227 , 127.771 , 354.71
9.25598 , 156.817 , 68.183 , 444.573 , 39.7734 , 185.227 , 127.771 , 354.71
9.31663 , 156.916 , 68.0837 , 447.964 , 40.8623 , 184.138 , 121.906 , 363.579
9.36231 , 156.916 , 68.0837 , 447.964 , 40.8623 , 184.138 , 121.906 , 363.579
9.4107 , 157.007 , 67.9927 , 451.57 , 41.6133 , 183.387 , 115.291 , 373.976
9.46998 , 157.007 , 67.9927 , 451.57 , 41.6133 , 183.387 , 115.291 , 373.976
9.51572 , 156.787 , 68.2125 , 453.207 , 40.9415 , 184.059 , 112.598 , 379.376
9.55478 , 158.084 , 66.9165 , 454.336 , 39.1196 , 185.88 , 109.403 , 386.562
9.61247 , 164.084 , 66.9165 , 454.336 , 45.1196 , 185.88 , 109.403 , 386.562
9.65228 , 164.89 , 66.1098 , 456.153 , 43.505 , 187.495 , 107.61 , 392.55
9.72923 , 158.89 , 66.1098 , 456.153 , 37.505 , 187.495 , 107.61 , 392.55
9.76203 , 162.68 , 68.3204 , 466.996 , 42.7388 , 188.261 , 105.813 , 405.725
9.81004 , 162.68 , 68.3204 , 466.996 , 42.7388 , 188.261 , 105.813 , 405.725
9.86184 , 162.017 , 68.9831 , 470.405 , 42.6071 , 188.393 , 104.798 , 410.37
9.91388 , 161.476 , 69.5244 , 473.045 , 42.3306 , 188.669 , 104.155 , 414
9.96287 , 160.789 , 70.2109 , 477.389 , 42.427 , 188.573 , 102.157 , 420.641
10.0252 , 154.789 , 70.2109 , 477.389 , 36.427 , 188.573 , 102.157 , 420.641
10.0603 , 160.51 , 70.4901 , 480.805 , 41.2673 , 189.733 , 102.047 , 425.513
10.1443 , 160.51 , 70.4901 , 480.805 , 41.2673 , 189.733 , 102.047 , 425.513
10.1672 , 154.487 , 70.5134 , 482.488 , 35.4258 , 189.574 , 98.3751 , 432.152
10.236 , 154.332 , 70.6677 , 486.276 , 36.0792 , 188.921 , 92.5662 , 443.632
10.2625 , 160.332 , 70.6677 , 486.276 , 42.0792 , 188.921 , 92.5662 , 443.632
10.3113 , 160.184 , 70.8165 , 488.047 , 42.4167 , 188.583 , 90.1963 , 448.605
10.4536 , 160.112 , 70.8879 , 491.975 , 43.2358 , 187.764 , 86.1229 , 457.967
10.4843 , 158.359 , 72.641 , 493.403 , 44.0002 , 187 , 83.0487 , 463.306
10.5064 , 158.359 , 72.641 , 493.403 , 44.0002 , 187 , 83.0487 , 463.306
10.5262 , 158.359 , 72.641 , 493.403 , 44.0002 , 187 , 83.0487 , 463.306
10.5585 , 158.236 , 72.7637 , 499.987 , 44.4981 , 186.502 , 80.7099 , 473.301
10.6118 , 152.236 , 72.7637 , 499.987 , 38.4981 , 186.502 , 80.7099 , 473.301
10.6807 , 159.061 , 71.9395 , 507.37 , 44.9821 , 186.018 , 78.548 , 484.148
10.7146 , 159.061 , 71.9395 , 507.37 , 44.9821 , 186.018 , 78.548 , 484.148
10.7675 , 153.813 , 71.1872 , 512.512 , 39.452 , 185.548 , 76.4999 , 492.87
10.8125 , 159.813 , 71.1872 , 512.512 , 45.452 , 185.548 , 76.4999 , 492.87
10.8663 , 160.476 , 70.5235 , 516.402 , 48.1463 , 182.854 , 73.9997 , 496.259
10.9207 , 154.518 , 70.4816 , 518.068 , 43.1591 , 181.841 , 72.7093 , 498.531
10.9707 , 160.48 , 70.5204 , 519.89 , 49.5934 , 181.407 , 71.8646 , 501.28
