1.43051e-06 , 33.0529 , 203.947 , 508.735 , 182.854 , 54.1463 , 87.6246 , 470.676
0.0198042 , 33.0521 , 197.948 , 508.735 , 182.853 , 48.1472 , 87.6246 , 470.676
0.0791054 , 33.0521 , 197.948 , 508.735 , 182.853 , 48.1472 , 87.6246 , 470.676
0.125574 , 26.8496 , 204.15 , 508.857 , 176.862 , 54.1376 , 87.6157 , 470.853
0.166289 , 32.8487 , 198.151 , 508.857 , 182.862 , 48.1384 , 87.6157 , 470.853
0.219842 , 26.7547 , 198.245 , 509.245 , 176.947 , 48.0528 , 87.678 , 471.274
0.270665 , 26.7015 , 198.298 , 509.261 , 176.937 , 48.0629 , 87.6665 , 471.3
0.319883 , 32.7015 , 198.298 , 509.261 , 182.937 , 48.0629 , 87.6665 , 471.3
0.371173 , 32.7765 , 198.224 , 509.254 , 183.041 , 47.9586 , 87.7668 , 471.285
0.425616 , 26.7399 , 198.26 , 509.221 , 176.99 , 48.0102 , 87.7598 , 471.194
0.487767 , 32.858 , 198.142 , 509.306 , 182.835 , 48.1649 , 87.8041 , 470.965
0.522205 , 26.7866 , 198.213 , 509.385 , 176.642 , 48.358 , 87.7396 , 470.866
0.573859 , 32.7875 , 204.212 , 509.385 , 182.643 , 54.3571 , 87.7396 , 470.866
0.621687 , 32.7244 , 204.276 , 509.435 , 182.386 , 54.6136 , 87.6274 , 470.719
0.678509 , 32.7388 , 198.261 , 509.483 , 181.801 , 49.1991 , 87.3483 , 470.331
0.726868 , 32.7191 , 198.281 , 509.321 , 181.453 , 49.547 , 87.193 , 469.91
0.773364 , 32.72 , 204.28 , 509.321 , 181.454 , 55.5461 , 87.193 , 469.91
0.826072 , 33.1049 , 197.895 , 509.117 , 181.032 , 49.9677 , 87.3183 , 468.876
0.878679 , 33.1049 , 197.895 , 509.117 , 181.032 , 49.9677 , 87.3183 , 468.876
0.927162 , 27.692 , 197.308 , 508.464 , 174.762 , 50.2379 , 87.339 , 467.748
0.974891 , 34.3413 , 196.659 , 507.749 , 180.668 , 50.3319 , 87.3666 , 466.787
1.02705 , 28.3413 , 196.659 , 507.749 , 174.668 , 50.3319 , 87.3666 , 466.787
1.0878 , 29.0774 , 195.923 , 505.854 , 174.545 , 50.4548 , 87.4986 , 464.488
1.12598 , 29.4343 , 195.566 , 504.618 , 174.528 , 50.4721 , 87.613 , 463.056
1.18212 , 35.6573 , 195.343 , 503.342 , 180.544 , 50.4556 , 87.7959 , 461.555
1.23422 , 29.8419 , 195.158 , 502.197 , 174.566 , 50.4336 , 87.9885 , 460.182
1.28508 , 36.026 , 194.974 , 501.017 , 180.619 , 50.3809 , 88.239 , 458.736
1.32148 , 36.026 , 194.974 , 501.017 , 180.619 , 50.3809 , 88.239 , 458.736
1.38993 , 30.598 , 200.402 , 498.512 , 174.62 , 56.3801 , 88.239 , 456.234
1.43135 , 36.8327 , 194.167 , 497.449 , 180.619 , 50.3809 , 88.239 , 455.174
1.48189 , 37.0318 , 193.968 , 496.517 , 180.619 , 50.3809 , 88.239 , 454.246
1.53236 , 31.2122 , 199.788 , 495.62 , 174.62 , 56.3801 , 88.239 , 453.355
1.57688 , 31.1602 , 199.84 , 494.771 , 174.62 , 56.3801 , 88.239 , 452.548
1.67744 , 36.8895 , 194.11 , 494.026 , 180.619 , 50.3809 , 88.239 , 451.878
1.6974 , 36.6892 , 194.311 , 493.138 , 183.04 , 47.9599 , 104.949 , 432.183
1.72571 , 36.364 , 200.636 , 492.05 , 181.979 , 55.0214 , 106.195 , 428.502
1.77567 , 36.3632 , 194.637 , 492.05 , 181.978 , 49.0223 , 106.195 , 428.502
1.82728 , 35.899 , 201.101 , 489.408 , 181.969 , 55.0309 , 110.704 , 420.697
1.88138 , 35.7805 , 195.219 , 487.727 , 182.058 , 48.9418 , 112.953 , 416.592
1.92895 , 35.7603 , 201.24 , 485.898 , 182.163 , 54.837 , 115.155 , 412.427
1.97813 , 35.7594 , 195.241 , 485.898 , 182.162 , 48.8379 , 115.155 , 412.427
2.03603 , 35.167 , 201.833 , 481.84 , 182.124 , 54.8761 , 119.192 , 404.082
2.08645 , 36.2471 , 194.753 , 480.319 , 181.961 , 49.0386 , 120.762 , 400.502
2.12832 , 35.4122 , 195.588 , 477.582 , 181.723 , 49.2769 , 122.076 , 396.401
2.17731 , 35.4122 , 195.588 , 477.582 , 181.723 , 49.2769 , 122.076 , 396.401
2.23512 , 34.266 , 196.734 , 472.728 , 181.111 , 49.8891 , 124.468 , 388.859
2.28046 , 34.266 , 196.734 , 472.728 , 181.111 , 49.8891 , 124.468 , 388.859
2.32681 , 33.2269 , 203.773 , 468.693 , 180.294 , 56.7063 , 126.839 , 381.959
2.37434 , 32.7137 , 198.286 , 467.038 , 179.805 , 51.1955 , 128.078 , 378.742
2.42634 , 32.3525 , 198.647 , 465.486 , 179.313 , 51.6869 , 129.643 , 375.257
2.48358 , 32.0085 , 198.991 , 464.128 , 178.786 , 52.2139 , 131.297 , 371.844
2.52851 , 31.7899 , 199.21 , 462.864 , 178.537 , 52.4626 , 133.251 , 368.448
2.57384 , 25.7576 , 199.242 , 461.771 , 172.62 , 52.3801 , 135.556 , 365.116
2.62614 , 31.7357 , 199.264 , 460.518 , 179.014 , 51.9858 , 138.184 , 361.591
2.67577 , 31.9399 , 199.06 , 459.096 , 178.936 , 52.0645 , 139.054 , 359.26
2.72907 , 32.1461 , 198.854 , 457.429 , 178.929 , 52.071 , 139.914 , 356.777
2.77405 , 26.1461 , 198.854 , 457.429 , 172.929 , 52.071 , 139.914 , 356.777
2.83139 , 26.4073 , 198.593 , 453.728 , 173.052 , 51.9484 , 141.633 , 351.639
2.87385 , 26.4082 , 204.592 , 453.728 , 173.053 , 57.9475 , 141.633 , 351.639
2.94833 , 24.7008 , 200.299 , 452.466 , 173.296 , 51.704 , 143.631 , 349.09
2.97912 , 30.9908 , 200.009 , 448.277 , 180.505 , 50.495 , 148.309 , 341.522
3.05885 , 31.489 , 199.511 , 444.842 , 180.809 , 50.191 , 150.901 , 335.931
3.08016 , 26.0161 , 198.984 , 441.758 , 174.946 , 50.0544 , 153.082 , 330.934
3.12679 , 32.0161 , 198.984 , 441.758 , 180.946 , 50.0544 , 153.082 , 330.934
3.17896 , 26.9533 , 198.047 , 436.346 , 173.369 , 51.6308 , 155.41 , 322.103
3.228 , 32.9533 , 198.047 , 436.346 , 179.369 , 51.6308 , 155.41 , 322.103
3.2884 , 33.401 , 197.599 , 431.986 , 179.958 , 51.0419 , 162.073 , 312.074
3.33468 , 33.401 , 197.599 , 431.986 , 179.958 , 51.0419 , 162.073 , 312.074
3.37619 , 33.7183 , 197.282 , 428.366 , 180.433 , 50.5674 , 168.451 , 303.045
3.45508 , 27.7183 , 197.282 , 428.366 , 174.433 , 50.5674 , 168.451 , 303.045
3.4762 , 33.8472 , 197.153 , 425.259 , 180.702 , 50.2979 , 173.853 , 295.383
3.53639 , 34.0908 , 196.909 , 423.642 , 180.683 , 50.3167 , 176.099 , 291.762
3.58387 , 28.0908 , 196.909 , 423.642 , 174.683 , 50.3167 , 176.099 , 291.762
3.62933 , 28.4435 , 196.556 , 420.092 , 174.419 , 50.5814 , 179.656 , 285.006
3.6814 , 28.6828 , 196.317 , 418.001 , 174.136 , 50.8644 , 181.202 , 281.436
3.72666 , 34.6828 , 196.317 , 418.001 , 180.136 , 50.8644 , 181.202 , 281.436
3.78452 , 29.0448 , 195.955 , 413.16 , 173.539 , 51.4614 , 184.27 , 273.8
3.8284 , 35.0448 , 195.955 , 413.16 , 179.539 , 51.4614 , 184.27 , 273.8
3.89675 , 36.1522 , 194.848 , 407.242 , 178.803 , 52.1975 , 187.407 , 264.844
3.9339 , 36.1522 , 194.848 , 407.242 , 178.803 , 52.1975 , 187.407 , 264.844
3.98165 , 30.3784 , 194.622 , 401.539 , 171.899 , 53.1008 , 190.919 , 256.003
4.05316 , 30.3784 , 194.622 , 401.539 , 171.899 , 53.1008 , 190.919 , 256.003
4.08739 , 36.2973 , 194.703 , 396.507 , 176.895 , 54.1051 , 195.503 , 246.934
4.13765 , 36.2973 , 194.703 , 396.507 , 176.895 , 54.1051 , 195.503 , 246.934
4.19338 , 30.299 , 194.701 , 392.639 , 170.488 , 54.5124 , 200.092 , 239.424
4.2321 , 36.299 , 194.701 , 392.639 , 176.488 , 54.5124 , 200.092 , 239.424
4.28053 , 30.299 , 194.701 , 392.639 , 170.488 , 54.5124 , 200.092 , 239.424
4.32914 , 30.6054 , 194.395 , 389.282 , 170.4 , 54.6 , 204.396 , 232.823
4.38013 , 30.9856 , 194.014 , 385.932 , 170.505 , 54.4951 , 208.125 , 226.926
4.43853 , 30.9856 , 194.014 , 385.932 , 170.505 , 54.4951 , 208.125 , 226.926
4.4828 , 31.9351 , 199.065 , 381.924 , 170.805 , 60.1952 , 211.439 , 220.828
4.53453 , 37.9342 , 193.066 , 381.924 , 176.804 , 54.1961 , 211.439 , 220.828
4.58335 , 32.8605 , 192.139 , 377.375 , 170.919 , 54.0808 , 214.535 , 214.409
4.63795 , 38.8605 , 192.139 , 377.375 , 176.919 , 54.0808 , 214.535 , 214.409
4.68052 , 34.1663 , 190.834 , 371.938 , 170.37 , 54.6297 , 217.83 , 206.465
4.7327 , 34.1663 , 190.834 , 371.938 , 170.37 , 54.6297 , 217.83 , 206.465
4.78682 , 35.1841 , 189.816 , 366.631 , 170.076 , 54.9244 , 222.301 , 198.203
4.83382 , 35.646 , 189.354 , 364.031 , 169.957 , 55.0434 , 224.882 , 193.968
4.88165 , 35.9449 , 189.055 , 361.595 , 169.898 , 55.1018 , 227.803 , 189.804
4.94288 , 36.4429 , 188.557 , 359.135 , 169.774 , 55.2263 , 230.631 , 185.587
4.98834 , 36.6187 , 188.381 , 357.165 , 169.623 , 55.3771 , 233.31 , 182.049
5.03543 , 37.0645 , 187.936 , 355.208 , 169.416 , 55.5839 , 235.679 , 178.581
5.10596 , 37.3077 , 187.692 , 353.507 , 169.323 , 55.6771 , 237.783 , 175.742
5.16543 , 37.3077 , 187.692 , 353.507 , 169.323 , 55.6771 , 237.783 , 175.742
5.21664 , 37.3753 , 187.625 , 352.048 , 169.128 , 55.8716 , 239.666 , 173.271
5.2358 , 43.3048 , 193.695 , 350.403 , 174.723 , 62.277 , 241.558 , 170.599
5.29585 , 37.4928 , 193.507 , 346.823 , 167.854 , 63.1464 , 245.185 , 165.036
5.33842 , 37.4928 , 193.507 , 346.823 , 167.854 , 63.1464 , 245.185 , 165.036
5.38346 , 38.0633 , 186.937 , 342.658 , 167.039 , 57.9608 , 248.685 , 159.168
5.43485 , 44.23 , 192.77 , 340.374 , 172.462 , 64.538 , 250.408 , 156.128
5.49221 , 38.2291 , 186.771 , 340.374 , 166.461 , 58.5388 , 250.408 , 156.128
5.53216 , 38.3367 , 186.663 , 337.9 , 165.86 , 59.1402 , 252.388 , 152.915
5.59008 , 38.0612 , 192.939 , 338.354 , 171.083 , 59.9174 , 254.668 , 155.704
5.63298 , 39.2572 , 191.743 , 332.824 , 169.855 , 61.145 , 259.702 , 148.224
5.69365 , 33.9592 , 191.041 , 328.895 , 163.465 , 61.5354 , 262.25 , 144.255
5.73304 , 33.9592 , 191.041 , 328.895 , 163.465 , 61.5354 , 262.25 , 144.255
5.79619 , 34.3208 , 190.679 , 321.84 , 162.972 , 62.0283 , 267.293 , 138.437
5.84047 , 40.3208 , 190.679 , 321.84 , 168.972 , 62.0283 , 267.293 , 138.437
5.91261 , 40.1201 , 190.88 , 316.367 , 168.992 , 62.0076 , 272.259 , 135.051
5.93632 , 34.1201 , 190.88 , 316.367 , 162.992 , 62.0076 , 272.259 , 135.051
5.98304 , 33.7336 , 191.266 , 312.718 , 163.22 , 61.7796 , 276.272 , 133.499
6.03394 , 39.7336 , 191.266 , 312.718 , 169.22 , 61.7796 , 276.272 , 133.499
6.08678 , 32.8537 , 192.146 , 308.416 , 163.6 , 61.3997 , 279.512 , 133.04
6.1343 , 38.8537 , 192.146 , 308.416 , 169.6 , 61.3997 , 279.512 , 133.04
6.18314 , 32.3331 , 192.667 , 302.817 , 163.571 , 61.4286 , 282.424 , 132.174
6.23421 , 38.3331 , 192.667 , 302.817 , 169.571 , 61.4286 , 282.424 , 132.174
6.29002 , 32.3397 , 192.66 , 300.113 , 163.528 , 61.4716 , 283.874 , 131.685
6.33708 , 31.4289 , 193.571 , 296.602 , 163.328 , 61.6718 , 286.95 , 131.972
6.38767 , 31.4289 , 193.571 , 296.602 , 163.328 , 61.6718 , 286.95 , 131.972
6.43587 , 30.8662 , 194.134 , 290.811 , 162.219 , 62.781 , 289.332 , 131.427
6.49097 , 30.8662 , 194.134 , 290.811 , 162.219 , 62.781 , 289.332 , 131.427
6.56059 , 31.6387 , 193.361 , 283.11 , 160.478 , 64.5216 , 291.07 , 129.63
6.58887 , 31.6387 , 193.361 , 283.11 , 160.478 , 64.5216 , 291.07 , 129.63
6.63475 , 32.2759 , 192.724 , 276.964 , 161.348 , 63.6518 , 301.408 , 132.708
6.69178 , 38.4732 , 192.527 , 274.392 , 167.698 , 63.3024 , 304.96 , 134.422
6.74682 , 32.7139 , 192.286 , 272.194 , 161.679 , 63.3209 , 307.773 , 135.662
6.78497 , 32.7139 , 192.286 , 272.194 , 161.679 , 63.3209 , 307.773 , 135.662
6.8353 , 33.0186 , 191.981 , 268.323 , 161.881 , 63.1189 , 312.546 , 138.532
6.89601 , 33.0186 , 191.981 , 268.323 , 161.881 , 63.1189 , 312.546 , 138.532
6.93745 , 33.0914 , 191.909 , 264.443 , 161.917 , 63.0826 , 316.82 , 141.78
6.9928 , 33.0914 , 191.909 , 264.443 , 161.917 , 63.0826 , 316.82 , 141.78
7.06511 , 33.6046 , 191.395 , 258.029 , 161.656 , 63.3442 , 322.81 , 146.842
7.08705 , 33.6046 , 191.395 , 258.029 , 161.656 , 63.3442 , 322.81 , 146.842
7.14281 , 33.7313 , 191.269 , 255.597 , 161.36 , 63.6398 , 324.766 , 148.751
7.19272 , 33.7313 , 191.269 , 255.597 , 161.36 , 63.6398 , 324.766 , 148.751
7.25109 , 33.8141 , 191.186 , 252.888 , 160.974 , 64.0261 , 327.018 , 151.069
7.29146 , 33.9864 , 191.014 , 249.914 , 161.739 , 63.261 , 328.073 , 153.763
7.3397 , 33.9819 , 191.018 , 246.894 , 161.009 , 63.9912 , 331.335 , 156.937
7.38969 , 33.7563 , 191.244 , 240.862 , 160.21 , 64.7902 , 337.672 , 164.437
7.43646 , 33.7563 , 191.244 , 240.862 , 160.21 , 64.7902 , 337.672 , 164.437
7.49102 , 33.2446 , 191.755 , 235.626 , 159.57 , 65.4298 , 343.12 , 171.786
7.54355 , 33.2446 , 191.755 , 235.626 , 159.57 , 65.4298 , 343.12 , 171.786
7.59259 , 32.7341 , 192.266 , 231.581 , 159.539 , 65.4609 , 347.686 , 178.403
7.65418 , 32.7341 , 192.266 , 231.581 , 159.539 , 65.4609 , 347.686 , 178.403
7.6872 , 38.6697 , 192.33 , 229.857 , 165.67 , 65.3303 , 349.692 , 181.274
7.74341 , 33.2763 , 191.724 , 225.77 , 160.335 , 64.665 , 353.666 , 187.137
7.79586 , 33.2763 , 191.724 , 225.77 , 160.335 , 64.665 , 353.666 , 187.137
7.83826 , 34.5903 , 190.41 , 220.843 , 160.399 , 64.6011 , 357.396 , 192.662
7.89457 , 35.2114 , 189.789 , 218.137 , 160.514 , 64.4863 , 359.227 , 195.757
7.94103 , 35.2114 , 189.789 , 218.137 , 160.514 , 64.4863 , 359.227 , 195.757
7.99129 , 36.2561 , 188.744 , 212.265 , 160.628 , 64.3721 , 363.549 , 203.141
8.04591 , 36.2561 , 188.744 , 212.265 , 160.628 , 64.3721 , 363.549 , 203.141
8.09089 , 36.8723 , 188.128 , 208.892 , 159.639 , 65.3607 , 364.211 , 205.495
8.14714 , 37.332 , 187.668 , 205.507 , 158.904 , 66.0962 , 365.084 , 208.36
8.19169 , 38.0757 , 186.924 , 199.02 , 157.836 , 67.164 , 367.526 , 214.936
8.25278 , 38.4257 , 186.574 , 196.008 , 159.357 , 65.6431 , 374.723 , 224.066
8.29102 , 44.4257 , 186.574 , 196.008 , 165.357 , 65.6431 , 374.723 , 224.066
8.33903 , 38.7279 , 186.272 , 193.261 , 160.213 , 64.787 , 379.241 , 230.515
8.39266 , 39.0138 , 185.986 , 188.765 , 161.547 , 63.4534 , 385.031 , 239.937
8.43851 , 39.0138 , 185.986 , 188.765 , 161.547 , 63.4534 , 385.031 , 239.937
8.49356 , 39.0505 , 185.95 , 184.816 , 161.91 , 63.0904 , 388.964 , 247.157
8.53924 , 39.0505 , 185.95 , 184.816 , 161.91 , 63.0904 , 388.964 , 247.157
8.59679 , 39.2397 , 185.76 , 180.65 , 161.744 , 63.2559 , 392.547 , 254.02
8.64919 , 39.2397 , 185.76 , 180.65 , 161.744 , 63.2559 , 392.547 , 254.02
8.68987 , 39.2389 , 185.761 , 178.574 , 161.449 , 63.5508 , 394.363 , 257.504
8.74208 , 45.1795 , 185.821 , 173.811 , 167.141 , 63.8589 , 398.049 , 265.325
8.79831 , 39.1795 , 185.821 , 173.811 , 161.141 , 63.8589 , 398.049 , 265.325
8.85318 , 38.7656 , 186.234 , 168.574 , 161.392 , 63.6077 , 401.045 , 273.576
8.89786 , 44.1877 , 186.812 , 165.913 , 166.378 , 64.6218 , 404.388 , 279.398
8.94269 , 37.3157 , 187.684 , 163.544 , 159.939 , 65.0612 , 407.678 , 285.373
8.99748 , 37.0235 , 187.977 , 160.903 , 159.83 , 65.17 , 411.242 , 291.514
9.05392 , 36.8128 , 188.187 , 158.437 , 159.612 , 65.3881 , 414.381 , 297.021
9.10289 , 36.5308 , 188.469 , 156.354 , 159.545 , 65.4551 , 417.574 , 302.325
9.14167 , 36.2603 , 188.74 , 154.62 , 159.53 , 65.4699 , 420.355 , 306.919
9.19965 , 36.2603 , 188.74 , 154.62 , 159.53 , 65.4699 , 420.355 , 306.919
9.24254 , 35.8501 , 189.15 , 152.186 , 159.607 , 65.393 , 425.308 , 314.429
9.29834 , 41.7677 , 189.232 , 151.324 , 165.73 , 65.2702 , 427.218 , 317.213
9.34797 , 35.7677 , 189.232 , 151.324 , 159.73 , 65.2702 , 427.218 , 317.213
9.39174 , 35.8226 , 189.177 , 149.956 , 160.044 , 64.9565 , 431.134 , 322.33
9.44906 , 35.8226 , 189.177 , 149.956 , 160.044 , 64.9565 , 431.134 , 322.33
9.50284 , 37.6437 , 187.356 , 140.421 , 160.351 , 64.6488 , 434.642 , 334.228
9.54594 , 44.1997 , 186.8 , 139.016 , 166.254 , 64.7459 , 436.5 , 336.957
9.59162 , 38.1997 , 186.8 , 139.016 , 160.254 , 64.7459 , 436.5 , 336.957
9.64708 , 44.6994 , 186.301 , 137.648 , 166.428 , 64.572 , 438.565 , 339.968
9.70462 , 39.5227 , 185.477 , 134.354 , 159.639 , 65.3613 , 441.872 , 345.735
9.7514 , 39.8761 , 185.124 , 132.4 , 158.86 , 66.1402 , 442.863 , 348.312
9.80115 , 40.165 , 184.835 , 130.372 , 158.026 , 66.9742 , 443.989 , 351.161
9.84577 , 40.165 , 184.835 , 130.372 , 158.026 , 66.9742 , 443.989 , 351.161
9.89334 , 40.7038 , 184.296 , 125.862 , 159.257 , 65.7426 , 453.997 , 365.492
9.94657 , 46.9336 , 184.066 , 123.585 , 165.352 , 65.6482 , 457.169 , 370.898
9.99511 , 46.9336 , 184.066 , 123.585 , 165.352 , 65.6482 , 457.169 , 370.898
10.0507 , 41.1593 , 183.841 , 121.38 , 159.588 , 65.4121 , 459.818 , 375.778
10.1117 , 47.3883 , 183.612 , 119.399 , 165.608 , 65.3921 , 462.022 , 379.948
10.1437 , 41.4825 , 183.518 , 115.916 , 159.57 , 65.4305 , 466.003 , 387.716
10.2021 , 41.5511 , 183.449 , 114.19 , 159.288 , 65.7122 , 467.692 , 391.247
10.2459 , 41.5511 , 183.449 , 114.19 , 159.288 , 65.7122 , 467.692 , 391.247
10.2948 , 47.6014 , 183.399 , 112.562 , 164.901 , 66.0986 , 469.527 , 394.819
10.3537 , 41.7558 , 183.244 , 110.826 , 158.488 , 66.5118 , 471.061 , 398.138
10.3973 , 42.2251 , 182.775 , 106.969 , 158.083 , 66.9171 , 474.248 , 405.337
10.4484 , 48.4174 , 182.583 , 104.994 , 163.572 , 67.4283 , 476.159 , 409.324
10.4977 , 48.4174 , 182.583 , 104.994 , 163.572 , 67.4283 , 476.159 , 409.324
10.5447 , 42.5911 , 182.409 , 102.916 , 158.129 , 66.8712 , 476.902 , 412.558
10.6168 , 42.6165 , 182.383 , 98.2789 , 157.695 , 67.3052 , 481.923 , 423.26
10.6491 , 48.6165 , 182.383 , 98.2789 , 163.695 , 67.3052 , 481.923 , 423.26
10.7122 , 43.0601 , 181.94 , 96.372 , 156.892 , 68.1079 , 485.649 , 428.725
10.7466 , 49.7875 , 181.213 , 92.0593 , 161.939 , 69.0607 , 492.05 , 439.726
10.7957 , 43.7875 , 181.213 , 92.0593 , 155.939 , 69.0607 , 492.05 , 439.726
10.8454 , 49.6794 , 181.321 , 89.0395 , 161.29 , 69.7104 , 497.049 , 448.858
10.9049 , 49.6794 , 181.321 , 89.0395 , 161.29 , 69.7104 , 497.049 , 448.858
10.9459 , 49.8087 , 181.191 , 86.6536 , 160.892 , 70.1078 , 500.786 , 455.737
11.0019 , 50.035 , 180.965 , 85.4792 , 160.853 , 70.1468 , 502.3 , 458.647
11.0467 , 44.035 , 180.965 , 85.4792 , 154.853 , 70.1468 , 502.3 , 458.647
11.0984 , 44.2404 , 180.76 , 84.3723 , 154.914 , 70.0863 , 504.102 , 461.801
11.156 , 50.5584 , 180.442 , 83.2095 , 161.127 , 69.8733 , 505.825 , 464.845
11.2081 , 50.929 , 180.071 , 81.2936 , 161.169 , 69.8307 , 509.059 , 470.469
11.2483 , 45.1188 , 179.881 , 80.7892 , 155.146 , 69.854 , 510.891 , 472.775
11.3041 , 51.2747 , 179.725 , 80.384 , 161.308 , 69.6916 , 513.088 , 475.359
11.3501 , 51.2747 , 179.725 , 80.384 , 161.308 , 69.6916 , 513.088 , 475.359
11.4034 , 51.59 , 179.41 , 75.3308 , 161.3 , 69.6997 , 518.111 , 488.388
11.4544 , 51.8156 , 179.184 , 73.4791 , 160.237 , 70.7633 , 519.468 , 492.641
11.5037 , 51.8156 , 179.184 , 73.4791 , 160.237 , 70.7633 , 519.468 , 492.641
11.5528 , 52.1375 , 178.863 , 70.5044 , 158.817 , 72.1829 , 522.317 , 500.718
11.5997 , 46.1375 , 178.863 , 70.5044 , 152.817 , 72.1829 , 522.317 , 500.718
11.6488 , 46.4344 , 178.566 , 68.1684 , 153.759 , 71.2408 , 532.329 , 515.462
11.7117 , 52.4929 , 178.507 , 67.3362 , 160.129 , 70.8712 , 535.609 , 520.757
11.7478 , 52.4929 , 178.507 , 67.3362 , 160.129 , 70.8712 , 535.609 , 520.757
11.813 , 52.4355 , 178.564 , 66.7194 , 160.621 , 70.3788 , 537.958 , 525.028
11.8618 , 52.159 , 178.841 , 65.8786 , 160.547 , 70.4525 , 542.335 , 532.868
11.9003 , 52.159 , 178.841 , 65.8786 , 160.547 , 70.4525 , 542.335 , 532.868
11.9636 , 51.8918 , 179.108 , 65.2741 , 160.193 , 70.8074 , 546.736 , 540.451
12.0078 , 51.8918 , 179.108 , 65.2741 , 160.193 , 70.8074 , 546.736 , 540.451
12.0692 , 51.8564 , 179.144 , 64.8881 , 160.113 , 70.8875 , 548.85 , 544.382
12.1063 , 51.6768 , 179.323 , 64.2797 , 159.302 , 71.6976 , 553.3 , 553.117
12.1625 , 51.6768 , 179.323 , 64.2797 , 159.302 , 71.6976 , 553.3 , 553.117
12.2007 , 53.0724 , 177.928 , 62.5266 , 160.062 , 70.9383 , 556.423 , 559.082
12.2495 , 52.1776 , 178.822 , 63.2079 , 158.761 , 72.2394 , 560.157 , 565.783
12.31 , 51.5345 , 179.466 , 63.7883 , 158.006 , 72.9935 , 563.61 , 572.1
12.3557 , 50.9092 , 180.091 , 64.4726 , 157.595 , 73.4048 , 567.044 , 578.157
12.4088 , 50.3314 , 180.669 , 65.1942 , 157.137 , 73.8625 , 570.023 , 583.485
