1.66893e-06 , 40.4235 , 190.577 , 495.966 , 182.529 , 48.4713 , 89.307 , 454.715
0.0523829 , 40.4235 , 190.577 , 495.966 , 182.529 , 48.4713 , 89.307 , 454.715
0.0999303 , 40.6146 , 190.385 , 496.034 , 182.593 , 48.4072 , 89.0894 , 454.701
0.152453 , 34.6155 , 196.384 , 496.034 , 176.594 , 54.4063 , 89.0894 , 454.701
0.211997 , 40.8259 , 190.174 , 496.134 , 182.636 , 48.3643 , 89.1394 , 454.75
0.254535 , 40.8259 , 190.174 , 496.134 , 182.636 , 48.3643 , 89.1394 , 454.75
0.311093 , 40.8875 , 190.112 , 496.078 , 182.706 , 48.2939 , 89.2056 , 454.689
0.359177 , 34.8875 , 190.112 , 496.078 , 176.706 , 48.2939 , 89.2056 , 454.689
0.407801 , 40.9035 , 190.096 , 496.071 , 182.699 , 48.3008 , 89.2067 , 454.668
0.465617 , 41.1376 , 195.862 , 495.928 , 182.734 , 54.2661 , 89.2515 , 454.475
0.505491 , 41.1368 , 189.863 , 495.928 , 182.733 , 48.267 , 89.2515 , 454.475
0.555055 , 41.0652 , 195.935 , 495.977 , 182.658 , 54.3419 , 89.2283 , 454.461
0.603939 , 41.0288 , 189.971 , 495.994 , 182.593 , 48.4067 , 89.1905 , 454.448
0.663758 , 41.0288 , 189.971 , 495.994 , 182.593 , 48.4067 , 89.1905 , 454.448
0.711117 , 41.0211 , 189.979 , 495.645 , 182.392 , 48.6082 , 89.1061 , 453.954
0.757744 , 41.1168 , 189.883 , 495.559 , 182.203 , 48.7973 , 88.9873 , 453.762
0.808945 , 41.1029 , 189.897 , 495.458 , 181.97 , 49.0296 , 88.8248 , 453.578
0.854078 , 41.1029 , 189.897 , 495.458 , 181.97 , 49.0296 , 88.8248 , 453.578
0.911389 , 40.8511 , 196.149 , 495.421 , 181.567 , 55.4327 , 88.5346 , 453.441
0.971748 , 40.7481 , 190.252 , 495.392 , 181.398 , 49.6024 , 88.5163 , 453.223
1.00799 , 40.6548 , 190.345 , 495.396 , 181.459 , 49.5412 , 88.8254 , 452.886
1.05838 , 40.4985 , 190.501 , 495.261 , 181.603 , 49.3968 , 89.3302 , 452.262
1.10978 , 40.4985 , 190.501 , 495.261 , 181.603 , 49.3968 , 89.3302 , 452.262
1.15887 , 40.1882 , 190.812 , 494.68 , 181.546 , 49.4536 , 89.5007 , 451.438
1.21169 , 39.8196 , 191.18 , 494.349 , 181.515 , 49.485 , 89.5711 , 451.04
1.27367 , 39.6368 , 197.363 , 493.89 , 181.511 , 55.4886 , 89.6835 , 450.465
1.308 , 39.4056 , 191.594 , 493.37 , 181.493 , 49.5067 , 89.785 , 449.838
1.3571 , 39.4056 , 191.594 , 493.37 , 181.493 , 49.5067 , 89.785 , 449.838
1.41608 , 33.2676 , 191.732 , 492.603 , 175.502 , 49.4984 , 89.9064 , 448.966
1.45754 , 33.2029 , 191.797 , 491.702 , 175.56 , 49.4403 , 90.104 , 447.914
1.51023 , 38.9218 , 192.078 , 489.72 , 181.769 , 49.2314 , 90.7499 , 445.44
1.55247 , 38.9218 , 192.078 , 489.72 , 181.769 , 49.2314 , 90.7499 , 445.44
1.60894 , 38.6317 , 192.368 , 487.229 , 181.769 , 49.2314 , 90.7499 , 443.102
1.65647 , 32.6317 , 192.368 , 487.229 , 175.769 , 49.2314 , 90.7499 , 443.102
1.71511 , 38.5718 , 192.428 , 484.344 , 181.769 , 49.2314 , 90.7499 , 440.348
1.78683 , 38.5407 , 192.459 , 483.085 , 181.769 , 49.2314 , 90.7499 , 439.148
1.81076 , 32.5407 , 192.459 , 483.085 , 175.769 , 49.2314 , 90.7499 , 439.148
1.86693 , 32.4449 , 192.555 , 481.907 , 175.769 , 49.2314 , 90.7499 , 438.037
1.91964 , 38.8787 , 192.121 , 479.383 , 183.211 , 47.7885 , 108.594 , 414.437
1.97248 , 38.9881 , 192.012 , 478.248 , 181.9 , 49.0995 , 110.994 , 409.083
2.01519 , 33.2592 , 191.741 , 476.953 , 175.69 , 49.3097 , 113.188 , 405.03
2.05873 , 39.2601 , 197.74 , 476.953 , 181.691 , 55.3089 , 113.188 , 405.03
2.11179 , 39.6408 , 191.359 , 474.277 , 181.328 , 49.6721 , 117.569 , 397.05
2.16033 , 39.8151 , 191.185 , 472.6 , 181.196 , 49.8037 , 119.765 , 392.831
2.2085 , 33.1616 , 191.838 , 472.263 , 175.101 , 49.8995 , 121.879 , 390.208
2.26586 , 39.1616 , 191.838 , 472.263 , 181.101 , 49.8995 , 121.879 , 390.208
2.30487 , 39.7863 , 197.214 , 467.091 , 180.804 , 56.1962 , 125.34 , 381.117
2.35605 , 39.7854 , 191.215 , 467.091 , 180.803 , 50.1971 , 125.34 , 381.117
2.41299 , 40.7757 , 196.224 , 461.524 , 180.142 , 56.8581 , 128.279 , 371.869
2.45475 , 40.7748 , 190.225 , 461.524 , 180.141 , 50.8589 , 128.279 , 371.869
2.5193 , 41.3708 , 195.629 , 456.067 , 179.341 , 57.6588 , 131.317 , 362.647
2.55846 , 41.666 , 195.334 , 453.454 , 178.845 , 58.1551 , 132.743 , 358.184
2.61386 , 35.6971 , 189.303 , 450.921 , 172.285 , 52.7151 , 134.268 , 353.716
2.66353 , 41.7596 , 195.24 , 448.649 , 177.674 , 59.3255 , 135.982 , 349.263
2.7049 , 35.7587 , 189.241 , 448.649 , 171.674 , 53.3264 , 135.982 , 349.263
2.77081 , 41.8122 , 195.188 , 446.749 , 177.079 , 59.9208 , 137.986 , 344.897
2.8295 , 41.8963 , 189.104 , 442.907 , 176.154 , 54.8459 , 142.295 , 336.12
2.86016 , 41.8972 , 195.103 , 442.907 , 176.155 , 60.845 , 142.295 , 336.12
2.93954 , 41.5207 , 195.479 , 439.408 , 176.091 , 60.9093 , 146.802 , 328.372
2.96148 , 35.5199 , 189.48 , 439.408 , 170.09 , 54.9101 , 146.802 , 328.372
3.01278 , 41.0836 , 195.916 , 435.589 , 176.597 , 60.4028 , 151.281 , 320.915
3.06191 , 41.0827 , 189.917 , 435.589 , 176.596 , 54.4036 , 151.281 , 320.915
3.11077 , 40.7903 , 196.21 , 431.257 , 177.551 , 59.4493 , 155.424 , 313.722
3.16745 , 41.5955 , 195.405 , 430.24 , 178.003 , 58.9967 , 157.089 , 311.31
3.21508 , 41.5946 , 189.405 , 430.24 , 178.002 , 52.9975 , 157.089 , 311.31
3.26345 , 35.3799 , 189.62 , 424.78 , 172.694 , 52.3059 , 160.221 , 303.928
3.31213 , 35.3799 , 189.62 , 424.78 , 172.694 , 52.3059 , 160.221 , 303.928
3.35911 , 40.2204 , 190.78 , 418.006 , 178.686 , 52.3135 , 163.042 , 295.437
3.44433 , 33.6236 , 191.376 , 415.304 , 172.481 , 52.5189 , 164.645 , 291.496
3.46357 , 38.9066 , 192.093 , 412.969 , 178.362 , 52.638 , 166.55 , 287.732
3.52545 , 38.3907 , 192.609 , 410.881 , 178.15 , 52.8503 , 168.684 , 283.857
3.55911 , 31.9325 , 199.068 , 409.113 , 172.019 , 58.9806 , 171.082 , 280.096
3.62529 , 31.9316 , 193.068 , 409.113 , 172.019 , 52.9814 , 171.082 , 280.096
3.65896 , 37.5917 , 193.408 , 405.757 , 177.658 , 53.3418 , 176.038 , 272.383
3.73393 , 31.5596 , 193.44 , 404.157 , 171.385 , 53.6148 , 178.371 , 268.638
3.77217 , 37.7803 , 199.22 , 402.319 , 177.236 , 59.7636 , 180.793 , 264.64
3.82031 , 31.7795 , 193.221 , 402.319 , 171.235 , 53.7645 , 180.793 , 264.64
3.86298 , 38.1654 , 192.835 , 398.03 , 176.793 , 54.2072 , 184.992 , 256.658
3.93493 , 32.1654 , 192.835 , 398.03 , 170.793 , 54.2072 , 184.992 , 256.658
3.98051 , 36.0901 , 194.91 , 397.198 , 176.123 , 54.8774 , 188.428 , 253.128
4.01489 , 30.0901 , 194.91 , 397.198 , 170.123 , 54.8774 , 188.428 , 253.128
4.06927 , 31.1055 , 193.894 , 388.812 , 169.057 , 55.9429 , 191.588 , 241.997
4.11802 , 37.1055 , 193.894 , 388.812 , 175.057 , 55.9429 , 191.588 , 241.997
4.16275 , 31.7386 , 193.261 , 382.037 , 167.884 , 57.1162 , 194.734 , 232.408
4.22752 , 37.7386 , 193.261 , 382.037 , 173.884 , 57.1162 , 194.734 , 232.408
4.26305 , 38.4942 , 192.506 , 376.271 , 172.597 , 58.4027 , 198.472 , 223.115
4.32192 , 38.6368 , 192.363 , 373.924 , 172.024 , 58.976 , 200.632 , 218.866
4.36421 , 38.7988 , 192.201 , 371.898 , 171.495 , 59.5053 , 202.866 , 214.876
4.42469 , 32.7988 , 192.201 , 371.898 , 165.495 , 59.5053 , 202.866 , 214.876
4.46575 , 32.7489 , 192.251 , 370.081 , 165.082 , 59.9182 , 205.031 , 211.332
4.51399 , 38.6403 , 198.36 , 368.237 , 170.789 , 66.2113 , 207.084 , 208.015
4.58256 , 38.6167 , 198.383 , 366.444 , 170.701 , 66.2986 , 209.2 , 204.857
4.62127 , 38.7693 , 192.231 , 362.282 , 170.79 , 60.2096 , 213.248 , 198.472
4.66617 , 38.7693 , 192.231 , 362.282 , 170.79 , 60.2096 , 213.248 , 198.472
4.71755 , 32.7531 , 198.247 , 360.102 , 164.981 , 66.0191 , 215.18 , 195.507
4.77467 , 32.5127 , 192.487 , 355.293 , 165.395 , 59.6047 , 218.583 , 189.872
4.81433 , 32.4796 , 192.52 , 352.66 , 165.709 , 59.2915 , 220.164 , 187.101
4.88328 , 32.7615 , 198.239 , 351.958 , 171.986 , 59.0144 , 221.855 , 188.879
4.93077 , 33.4218 , 197.578 , 348.773 , 172.092 , 58.9076 , 223.232 , 185.446
4.96864 , 33.4218 , 197.578 , 348.773 , 172.092 , 58.9076 , 223.232 , 185.446
5.03692 , 28.6341 , 196.366 , 342.619 , 165.994 , 59.006 , 226.328 , 178.417
5.0665 , 34.6341 , 196.366 , 342.619 , 171.994 , 59.006 , 226.328 , 178.417
5.11984 , 29.8041 , 195.196 , 337.607 , 165.449 , 59.5512 , 230.406 , 171.318
5.16472 , 36.4568 , 194.543 , 335.262 , 171.473 , 59.5266 , 232.881 , 167.923
5.21695 , 30.4577 , 200.542 , 335.262 , 165.474 , 65.5258 , 232.881 , 167.923
5.26623 , 32.1468 , 192.853 , 330.543 , 165.246 , 59.7537 , 238.622 , 160.354
5.31712 , 32.1468 , 192.853 , 330.543 , 165.246 , 59.7537 , 238.622 , 160.354
5.36508 , 33.1191 , 191.881 , 325.856 , 164.993 , 60.0074 , 244.678 , 153.5
5.42593 , 33.3712 , 191.629 , 323.463 , 164.802 , 60.1979 , 247.439 , 150.48
5.4634 , 39.6912 , 191.309 , 320.832 , 170.619 , 60.3808 , 249.945 , 147.551
5.51731 , 39.6912 , 191.309 , 320.832 , 170.619 , 60.3808 , 249.945 , 147.551
5.56638 , 34.4567 , 190.543 , 314.819 , 164.163 , 60.8371 , 254.253 , 141.888
5.61856 , 40.4567 , 190.543 , 314.819 , 170.163 , 60.8371 , 254.253 , 141.888
5.66639 , 35.448 , 189.552 , 308.272 , 163.51 , 61.4904 , 258.167 , 136.37
5.7163 , 35.448 , 189.552 , 308.272 , 163.51 , 61.4904 , 258.167 , 136.37
5.7649 , 35.8169 , 189.183 , 305.286 , 163.116 , 61.8842 , 260.106 , 133.993
5.81523 , 36.892 , 188.108 , 299.332 , 162.345 , 62.6555 , 264.157 , 129.385
5.86973 , 42.892 , 188.108 , 299.332 , 168.345 , 62.6555 , 264.157 , 129.385
5.91767 , 43.247 , 187.753 , 296.837 , 167.842 , 63.1578 , 266.461 , 127.428
5.97183 , 37.4414 , 187.559 , 294.719 , 162.453 , 62.5466 , 267.526 , 127.224
6.02382 , 38.1595 , 186.84 , 290.097 , 162.389 , 62.6109 , 273.226 , 124.93
6.09209 , 38.4902 , 186.51 , 287.692 , 161.959 , 63.0413 , 277.068 , 123.656
6.11971 , 38.4902 , 186.51 , 287.692 , 161.959 , 63.0413 , 277.068 , 123.656
6.16973 , 39.3712 , 185.629 , 282.44 , 161.465 , 63.5348 , 283.18 , 122.184
6.22747 , 39.3712 , 185.629 , 282.44 , 161.465 , 63.5348 , 283.18 , 122.184
6.27308 , 45.8335 , 185.166 , 277.073 , 167.444 , 63.5557 , 288.177 , 122.558
6.32368 , 39.8335 , 185.166 , 277.073 , 161.444 , 63.5557 , 288.177 , 122.558
6.37323 , 40.8687 , 184.131 , 275.647 , 161.649 , 63.3508 , 290.014 , 122.15
6.41757 , 40.6491 , 184.351 , 268.239 , 161.817 , 63.1832 , 293.487 , 124.697
6.469 , 46.6491 , 184.351 , 268.239 , 167.817 , 63.1832 , 293.487 , 124.697
6.52443 , 40.4877 , 184.512 , 264.939 , 161.823 , 63.177 , 295.039 , 126.142
6.57625 , 40.2917 , 184.708 , 261.975 , 161.798 , 63.2025 , 296.736 , 127.717
6.62464 , 39.7222 , 185.278 , 256.875 , 162.048 , 62.9522 , 300.327 , 131.551
6.67795 , 39.7222 , 185.278 , 256.875 , 162.048 , 62.9522 , 300.327 , 131.551
6.72275 , 39.5924 , 185.408 , 254.806 , 162.185 , 62.8154 , 302.326 , 133.396
6.78164 , 39.568 , 185.432 , 252.806 , 161.115 , 63.8847 , 302.889 , 133.592
6.82788 , 40.0735 , 184.927 , 248.873 , 159.874 , 65.1265 , 307.799 , 136.095
6.87321 , 40.42 , 184.58 , 246.921 , 160.321 , 64.6787 , 312.04 , 139.209
6.92504 , 46.42 , 184.58 , 246.921 , 166.321 , 64.6787 , 312.04 , 139.209
6.98574 , 41.2231 , 183.777 , 243.069 , 160.77 , 64.2305 , 318.709 , 144.513
7.02155 , 41.2231 , 183.777 , 243.069 , 160.77 , 64.2305 , 318.709 , 144.513
7.07916 , 41.8324 , 183.168 , 238.39 , 161.102 , 63.8985 , 323.871 , 150.062
7.11921 , 41.8324 , 183.168 , 238.39 , 161.102 , 63.8985 , 323.871 , 150.062
7.17611 , 42.1661 , 182.834 , 235.631 , 161.159 , 63.8411 , 326.058 , 152.923
7.22427 , 42.3467 , 182.653 , 232.808 , 161.052 , 63.9483 , 328.058 , 155.851
7.2923 , 42.5838 , 182.416 , 226.92 , 160.642 , 64.3581 , 331.69 , 161.916
7.33205 , 42.5838 , 182.416 , 226.92 , 160.642 , 64.3581 , 331.69 , 161.916
7.36821 , 42.6678 , 182.332 , 224.028 , 160.293 , 64.7066 , 333.377 , 164.904
7.42576 , 42.6506 , 182.349 , 218.885 , 159.483 , 65.5167 , 336.749 , 170.74
7.47642 , 42.6506 , 182.349 , 218.885 , 159.483 , 65.5167 , 336.749 , 170.74
7.5234 , 42.5431 , 182.457 , 216.624 , 158.984 , 66.0163 , 338.961 , 173.95
7.58041 , 48.4932 , 182.507 , 214.541 , 165.571 , 65.4294 , 339.9 , 176.664
7.62816 , 48.4932 , 182.507 , 214.541 , 165.571 , 65.4294 , 339.9 , 176.664
7.67132 , 42.2881 , 182.712 , 210.467 , 159.466 , 65.5339 , 345.742 , 184.552
7.72757 , 42.2685 , 182.731 , 208.319 , 158.871 , 66.1291 , 349.632 , 189.1
7.77518 , 48.3569 , 182.643 , 206.068 , 164.41 , 66.5897 , 352.998 , 193.38
7.82327 , 48.4811 , 182.519 , 203.654 , 164.189 , 66.8109 , 356.022 , 197.682
7.87231 , 48.6075 , 182.393 , 201.002 , 164.079 , 66.921 , 358.709 , 202.025
7.92919 , 42.7022 , 182.298 , 198.145 , 158.038 , 66.9624 , 361.059 , 206.383
7.99044 , 48.6021 , 182.398 , 192.212 , 164.198 , 66.8025 , 364.89 , 215.052
8.02779 , 42.3679 , 182.632 , 189.272 , 158.225 , 66.7751 , 366.589 , 219.368
8.08577 , 48.3679 , 182.632 , 189.272 , 164.225 , 66.7751 , 366.589 , 219.368
8.1375 , 47.6675 , 183.332 , 183.997 , 164.136 , 66.8642 , 369.87 , 227.587
8.18172 , 47.2147 , 183.785 , 181.837 , 163.941 , 67.0591 , 371.495 , 231.312
8.22167 , 40.8224 , 184.178 , 179.999 , 158.049 , 66.9508 , 373.489 , 235.146
8.27955 , 40.8224 , 184.178 , 179.999 , 158.049 , 66.9508 , 373.489 , 235.146
8.32739 , 40.7223 , 184.278 , 176.47 , 157.571 , 67.429 , 378.204 , 242.527
8.37472 , 40.7223 , 184.278 , 176.47 , 157.571 , 67.429 , 378.204 , 242.527
8.43464 , 41.3546 , 183.645 , 172.465 , 155.478 , 69.5215 , 380.246 , 246.888
8.48256 , 41.3546 , 183.645 , 172.465 , 155.478 , 69.5215 , 380.246 , 246.888
8.53157 , 47.8318 , 183.168 , 170.308 , 160.71 , 70.2905 , 381.486 , 249.417
8.5759 , 48.9807 , 182.019 , 165.781 , 161.896 , 69.1043 , 391.51 , 262.345
8.62781 , 42.9807 , 182.019 , 165.781 , 155.896 , 69.1043 , 391.51 , 262.345
8.68712 , 43.8959 , 181.104 , 160.248 , 156.941 , 68.0595 , 397.516 , 272.886
8.7417 , 44.237 , 180.763 , 157.24 , 157.281 , 67.7186 , 399.565 , 277.599
8.77467 , 44.237 , 180.763 , 157.24 , 157.281 , 67.7186 , 399.565 , 277.599
8.82393 , 44.7593 , 180.241 , 151.295 , 157.341 , 67.6595 , 403.09 , 286.443
8.87518 , 50.7593 , 180.241 , 151.295 , 163.341 , 67.6595 , 403.09 , 286.443
8.93074 , 45.1248 , 179.875 , 145.923 , 156.884 , 68.1159 , 406.719 , 294.884
8.9751 , 51.1248 , 179.875 , 145.923 , 162.884 , 68.1159 , 406.719 , 294.884
9.055 , 45.2744 , 179.726 , 141.605 , 156.259 , 68.7406 , 410.245 , 302.364
9.08067 , 45.2744 , 179.726 , 141.605 , 156.259 , 68.7406 , 410.245 , 302.364
9.12942 , 51.1969 , 179.803 , 137.709 , 163.715 , 67.2853 , 411.546 , 308.104
9.18162 , 45.1969 , 179.803 , 137.709 , 157.715 , 67.2853 , 411.546 , 308.104
9.24142 , 45.3691 , 179.631 , 133.667 , 156.439 , 68.5605 , 419.446 , 319.354
9.27714 , 51.3691 , 179.631 , 133.667 , 162.439 , 68.5605 , 419.446 , 319.354
9.33064 , 45.493 , 179.507 , 131.512 , 155.849 , 69.1513 , 422.654 , 324.446
9.37778 , 45.6288 , 179.371 , 126.896 , 155.295 , 69.705 , 428.647 , 334.887
9.4436 , 45.6288 , 179.371 , 126.896 , 155.295 , 69.705 , 428.647 , 334.887
9.48066 , 45.3042 , 179.696 , 121.704 , 155.019 , 69.9812 , 433.422 , 345.389
9.53976 , 50.3541 , 180.646 , 119.571 , 160.86 , 70.1396 , 435.292 , 350.404
9.57828 , 50.1237 , 180.876 , 116.937 , 160.978 , 70.0222 , 437.087 , 355.355
9.62443 , 44.7595 , 180.241 , 114.652 , 155.161 , 69.8391 , 439.006 , 359.246
9.68063 , 44.7595 , 180.241 , 114.652 , 155.161 , 69.8391 , 439.006 , 359.246
9.72689 , 45.4674 , 179.533 , 110.336 , 155.126 , 69.874 , 442.679 , 367.084
9.78146 , 45.4674 , 179.533 , 110.336 , 155.126 , 69.874 , 442.679 , 367.084
9.82963 , 45.887 , 179.113 , 106.911 , 155.088 , 69.9119 , 446.381 , 374.256
9.87776 , 51.887 , 179.113 , 106.911 , 161.088 , 69.9119 , 446.381 , 374.256
9.93437 , 52.2661 , 178.734 , 104.2 , 159.064 , 71.9357 , 447.409 , 377.723
9.9775 , 52.2661 , 178.734 , 104.2 , 159.064 , 71.9357 , 447.409 , 377.723
10.0324 , 46.6711 , 178.329 , 102.671 , 152.96 , 72.0399 , 453.87 , 385.374
10.0789 , 52.6711 , 178.329 , 102.671 , 158.96 , 72.0399 , 453.87 , 385.374
10.1257 , 46.1896 , 178.81 , 99.6066 , 153.684 , 71.3165 , 458.166 , 393.92
10.1866 , 46.1305 , 178.87 , 94.3559 , 154.949 , 70.051 , 464.828 , 407.318
10.2361 , 46.1305 , 178.87 , 94.3559 , 154.949 , 70.051 , 464.828 , 407.318
10.2786 , 46.206 , 178.794 , 91.8641 , 155.17 , 69.83 , 467.548 , 413.174
10.34 , 46.2928 , 178.707 , 89.4705 , 155.252 , 69.7483 , 469.714 , 418.4
10.3895 , 46.6036 , 178.396 , 84.9942 , 155.437 , 69.563 , 473.772 , 428.222
10.4297 , 46.7371 , 178.263 , 82.9961 , 155.14 , 69.8602 , 475.656 , 432.731
10.4781 , 46.7371 , 178.263 , 82.9961 , 155.14 , 69.8602 , 475.656 , 432.731
10.5372 , 47.0874 , 177.913 , 79.5294 , 154.638 , 70.3616 , 479.203 , 440.86
10.5788 , 47.0874 , 177.913 , 79.5294 , 154.638 , 70.3616 , 479.203 , 440.86
10.6407 , 53.2233 , 177.777 , 76.8821 , 159.938 , 71.0616 , 482.724 , 448.22
10.6807 , 53.2233 , 177.777 , 76.8821 , 159.938 , 71.0616 , 482.724 , 448.22
