0.000187159, 113.398, 117.602, 395.297, 221.616, 9.38385, 112.929, 339.418
0.100905, 113.401, 117.599, 395.312, 221.616, 9.38385, 112.929, 339.434
0.152496, 113.327, 117.673, 395.27, 221.616, 9.38385, 112.929, 339.377
0.202464, 113.327, 117.673, 395.27, 221.616, 9.38385, 112.929, 339.377
0.253858, 113.346, 117.654, 395.215, 221.616, 9.38385, 112.929, 339.325
0.356965, 113.221, 117.779, 395.187, 221.616, 9.38385, 112.929, 339.272
0.400052, 113.293, 117.707, 395.149, 221.616, 9.38385, 112.929, 339.248
0.458539, 113.293, 117.707, 395.149, 221.616, 9.38385, 112.929, 339.248
0.505031, 113.237, 117.763, 395.125, 221.616, 9.38385, 112.929, 339.212
0.558778, 113.172, 117.828, 394.863, 221.616, 9.38385, 112.929, 338.937
0.607404, 113.172, 117.828, 394.863, 221.616, 9.38385, 112.929, 338.937
0.657468, 113.127, 117.873, 394.984, 221.616, 9.38385, 112.929, 339.049
0.717355, 113.065, 117.935, 395.108, 221.616, 9.38385, 112.929, 339.161
0.752879, 113.065, 117.935, 395.108, 221.616, 9.38385, 112.929, 339.161
0.81302, 113.043, 117.957, 395.07, 221.616, 9.38385, 112.929, 339.119
0.853187, 113.043, 117.957, 395.07, 221.616, 9.38385, 112.929, 339.119
0.904587, 113.031, 117.969, 395.121, 221.616, 9.38385, 112.929, 339.167
0.952576, 113.023, 117.977, 395.125, 221.616, 9.38385, 112.929, 339.17
1.00854, 113.023, 117.977, 395.125, 221.616, 9.38385, 112.929, 339.17
1.05259, 113.018, 117.982, 395.151, 221.616, 9.38385, 112.929, 339.195
1.10513, 113.043, 117.957, 394.99, 220.22, 10.7795, 114.801, 338.294
1.15994, 113.043, 117.957, 394.99, 220.22, 10.7795, 114.801, 338.294
1.21353, 113.046, 117.954, 395.035, 220.629, 10.3709, 115.266, 337.52
1.2551, 113.046, 117.954, 395.035, 220.629, 10.3709, 115.266, 337.52
1.3093, 113.05, 117.95, 394.985, 220.616, 10.3841, 115.783, 336.959
1.35456, 112.937, 118.063, 394.75, 220.641, 10.359, 117.036, 335.43
1.41524, 112.975, 118.025, 394.66, 220.668, 10.3325, 117.706, 334.671
1.45687, 112.975, 118.025, 394.66, 220.668, 10.3325, 117.706, 334.671
1.50728, 113.068, 117.932, 394.222, 220.608, 10.392, 119.522, 332.558
1.55743, 113.068, 117.932, 394.222, 220.608, 10.392, 119.522, 332.558
1.60978, 114.786, 116.214, 394.297, 220.493, 10.5074, 121.635, 331.165
1.66691, 114.786, 116.214, 394.297, 220.493, 10.5074, 121.635, 331.165
1.70901, 114.219, 116.781, 392.467, 220.487, 10.513, 123.736, 327.326
1.7641, 108.219, 116.781, 392.467, 214.487, 10.513, 123.736, 327.326
1.81263, 113.82, 117.18, 390.175, 220.715, 10.2849, 125.415, 323.329
1.86, 107.68, 117.32, 389.005, 214.94, 10.0603, 126.097, 321.402
1.91285, 113.68, 117.32, 389.005, 220.94, 10.0603, 126.097, 321.402
1.96368, 107.463, 117.537, 386.431, 215.463, 9.53735, 126.889, 317.791
2.0085, 107.463, 117.537, 386.431, 215.463, 9.53735, 126.889, 317.791
2.07144, 113.371, 117.629, 385.15, 221.842, 9.15825, 127.017, 316.151
2.11169, 113.32, 117.68, 382.561, 222.464, 8.53556, 127.401, 312.873
2.16275, 113.32, 117.68, 382.561, 222.464, 8.53556, 127.401, 312.873
2.20885, 113.301, 117.699, 380.143, 223.127, 7.87327, 127.531, 309.968
2.25962, 113.301, 117.699, 380.143, 223.127, 7.87327, 127.531, 309.968
2.3093, 113.208, 117.792, 378.421, 223.698, 7.30161, 127.858, 307.642
2.35968, 113.208, 117.792, 378.421, 223.698, 7.30161, 127.858, 307.642
2.40943, 113.412, 117.588, 377.056, 224.254, 6.74624, 128.313, 305.684
2.46695, 113.513, 117.487, 376.49, 224.587, 6.41284, 128.513, 304.815
2.56483, 114.143, 116.857, 375.598, 225.064, 5.93604, 129.182, 303.367
2.61465, 108.405, 116.595, 375.168, 219.307, 5.69328, 129.568, 302.61
2.66015, 114.405, 116.595, 375.168, 225.307, 5.69328, 129.568, 302.61
2.7106, 115.024, 115.976, 374.005, 225.878, 5.12236, 130.543, 300.662
2.76889, 115.376, 115.624, 373.213, 226.273, 4.72679, 131.136, 299.382
2.81708, 115.82, 115.18, 372.607, 226.738, 4.26202, 131.876, 298.198
2.86377, 116.198, 114.802, 372.008, 226.032, 4.9677, 132.73, 297.494
2.92148, 116.198, 114.802, 372.008, 226.032, 4.9677, 132.73, 297.494
2.96264, 110.819, 114.181, 370.527, 220.378, 4.62235, 135.115, 294.526
3.01297, 117.066, 113.934, 369.681, 226.712, 4.28757, 135.368, 293.478
3.11268, 111.68, 113.32, 367.392, 223.332, 1.66822, 138.401, 288.58
3.16293, 117.68, 113.32, 367.392, 229.332, 1.66822, 138.401, 288.58
3.21628, 111.226, 113.774, 366.031, 224.024, 0.975535, 141.71, 284.344
3.2667, 116.614, 114.386, 365.73, 229.225, 1.77532, 142.919, 282.926
3.32103, 116.614, 114.386, 365.73, 229.225, 1.77532, 142.919, 282.926
3.42804, 116.87, 114.13, 360.191, 227.773, 3.22684, 145.103, 276.246
3.46364, 116.87, 114.13, 360.191, 227.773, 3.22684, 145.103, 276.246
3.51379, 118.612, 112.388, 354.611, 227.588, 3.41188, 146.222, 271.174
3.57112, 119.362, 111.638, 352.399, 227.648, 3.35236, 146.783, 269.204
3.63277, 113.362, 111.638, 352.399, 221.648, 3.35236, 146.783, 269.204
3.66932, 120.339, 110.661, 349.011, 227.889, 3.11071, 147.556, 266.213
3.7658, 120.882, 110.118, 347.511, 228.007, 2.99252, 147.932, 264.94
3.8254, 121.542, 109.458, 345.242, 228.262, 2.73843, 148.617, 262.927
3.8673, 121.542, 109.458, 345.242, 228.262, 2.73843, 148.617, 262.927
3.91589, 121.885, 109.115, 343.63, 228.404, 2.5965, 149.239, 261.389
3.9793, 121.893, 109.107, 342.993, 228.412, 2.58817, 149.646, 260.652
4.01922, 121.898, 109.102, 342.3, 228.276, 2.72402, 149.989, 259.858
4.07113, 121.898, 109.102, 342.3, 228.276, 2.72402, 149.989, 259.858
4.12364, 121.805, 109.195, 341.184, 227.927, 3.07273, 151.262, 258.259
4.17496, 121.805, 109.195, 341.184, 227.927, 3.07273, 151.262, 258.259
4.21831, 121.581, 109.419, 340.688, 227.661, 3.33853, 151.778, 257.46
4.27097, 121.103, 109.897, 339.681, 227.084, 3.91649, 153.067, 255.757
4.32909, 121.103, 109.897, 339.681, 227.084, 3.91649, 153.067, 255.757
4.36923, 120.607, 110.393, 338.626, 227.883, 3.11698, 154.833, 254.124
4.42737, 114.341, 110.659, 338.001, 221.488, 3.51205, 155.873, 253.03
4.53121, 119.984, 111.016, 336.754, 226.456, 4.54444, 158.48, 250.814
4.57086, 119.883, 111.117, 336.109, 225.813, 5.18703, 159.756, 249.762
4.62666, 119.883, 111.117, 336.109, 225.813, 5.18703, 159.756, 249.762
4.71999, 120.004, 110.996, 333.753, 224.09, 6.91038, 163.338, 246.735
4.77829, 120.13, 110.87, 332.727, 223.541, 7.45875, 164.291, 245.673
4.82452, 120.28, 110.72, 331.576, 223.019, 7.98051, 165.115, 244.565
4.87099, 114.28, 110.72, 331.576, 217.019, 7.98051, 165.115, 244.565
4.92227, 120.611, 110.389, 328.898, 222.227, 8.77274, 166.587, 242.156
4.98226, 120.788, 110.212, 327.46, 221.751, 9.2492, 166.928, 240.949
5.02796, 120.788, 110.212, 327.46, 221.751, 9.2492, 166.928, 240.949
5.08312, 115.447, 109.553, 324.02, 215.059, 9.94114, 167.387, 238.323
5.12466, 115.447, 109.553, 324.02, 215.059, 9.94114, 167.387, 238.323
5.23158, 117.015, 107.985, 318.367, 213.931, 11.0688, 167.766, 234.464
5.27734, 123.015, 107.985, 318.367, 219.931, 11.0688, 167.766, 234.464
5.37341, 124.318, 106.682, 313.377, 218.602, 12.3984, 167.712, 231.129
5.43242, 118.318, 106.682, 313.377, 212.602, 12.3984, 167.712, 231.129
5.52675, 124.763, 106.237, 310.838, 217.846, 13.1539, 167.732, 229.321
5.57482, 124.995, 106.005, 309.317, 217.265, 13.7349, 168.16, 228.223
5.63949, 119.054, 105.946, 308.843, 210.925, 14.0751, 168.365, 227.876
5.67642, 125.054, 105.946, 308.843, 216.925, 14.0751, 168.365, 227.876
5.7368, 119.234, 105.766, 308.195, 210.361, 14.6386, 169.141, 227.48
5.77459, 119.42, 105.58, 307.943, 210.048, 14.952, 169.655, 227.417
5.82944, 125.699, 105.301, 307.705, 215.825, 15.1748, 170.196, 227.436
5.87683, 126.012, 104.988, 307.392, 215.487, 15.5133, 170.78, 227.43
5.92769, 120.273, 104.727, 307.055, 209.181, 15.8188, 171.467, 227.383
5.98095, 126.273, 104.727, 307.055, 215.181, 15.8188, 171.467, 227.383
6.03128, 127.001, 103.999, 306.334, 214.391, 16.6091, 173.088, 227.456
6.07586, 127.372, 103.628, 305.969, 213.769, 17.2309, 173.974, 227.535
6.13281, 127.61, 103.39, 305.59, 213.05, 17.9498, 175.054, 227.553
6.18435, 121.61, 103.39, 305.59, 207.05, 17.9498, 175.054, 227.553
6.22754, 122.458, 102.542, 304.819, 205.852, 19.1479, 177.29, 227.926
6.28292, 128.86, 102.14, 304.299, 211.42, 19.5802, 178.527, 228.045
6.32888, 129.206, 101.794, 303.635, 211.133, 19.8667, 179.844, 228.05
6.38348, 129.71, 101.29, 302.714, 210.952, 20.0477, 180.457, 227.879
6.43082, 130.159, 100.841, 301.659, 210.791, 20.2085, 180.996, 227.569
6.48109, 130.159, 100.841, 301.659, 210.791, 20.2085, 180.996, 227.569
6.53112, 131.212, 99.7879, 299.089, 210.551, 20.4492, 182.015, 226.767
6.58309, 131.866, 99.1344, 297.537, 210.456, 20.5439, 182.459, 226.286
6.62942, 132.498, 98.5022, 295.906, 210.39, 20.6098, 182.918, 225.754
6.68098, 132.498, 98.5022, 295.906, 210.39, 20.6098, 182.918, 225.754
6.73318, 131.456, 99.5442, 293.971, 210.337, 20.663, 183.776, 223.816
6.7893, 132.687, 98.3131, 291.466, 210.331, 20.6687, 184.145, 223.177
6.83214, 132.687, 98.3131, 291.466, 210.331, 20.6687, 184.145, 223.177
6.88358, 133.444, 100.556, 287.2, 207.03, 26.9699, 184.145, 222.053
6.98547, 137.104, 93.8962, 283.751, 211.091, 19.9094, 186.504, 222.296
7.03065, 137.104, 93.8962, 283.751, 211.091, 19.9094, 186.504, 222.296
7.0859, 139.235, 91.7654, 281.144, 210.907, 20.0926, 187.626, 222.846
7.13073, 140.191, 90.8085, 280.205, 210.738, 20.2615, 188.136, 223.286
7.18886, 141.086, 89.9141, 279.264, 210.418, 20.5821, 188.485, 223.65
7.23442, 141.086, 89.9141, 279.264, 210.418, 20.5821, 188.485, 223.65
7.28366, 142.325, 88.6754, 277.62, 209.652, 21.3482, 189.188, 224.126
7.33223, 142.325, 88.6754, 277.62, 209.652, 21.3482, 189.188, 224.126
7.38517, 143.069, 87.9305, 276.845, 209.031, 21.9695, 190.145, 224.829
7.43241, 143.376, 87.6244, 276.226, 208.622, 22.3776, 190.709, 225.058
7.5071, 143.595, 87.4046, 275.692, 208.281, 22.7187, 191.457, 225.346
7.536, 143.819, 87.1811, 274.698, 207.951, 23.0493, 192.305, 225.437
7.58801, 143.819, 87.1811, 274.698, 207.951, 23.0493, 192.305, 225.437
7.64301, 142.388, 91.6118, 274.053, 204.475, 29.5247, 193.283, 225.799
7.69011, 142.541, 91.4591, 273.444, 204.184, 29.8162, 194.36, 226.203
7.73874, 166.929, 64.0707, 274.501, 206.5, 24.4995, 196.407, 247.586
7.78884, 165.3, 68.6995, 274.501, 203.434, 30.5657, 196.407, 247.586
7.8369, 178.572, 52.4278, 276.027, 205.649, 25.3509, 198.407, 259.64
7.88616, 178.572, 52.4278, 276.027, 205.649, 25.3509, 198.407, 259.64
7.93871, 184.921, 46.0786, 277.483, 205.055, 25.945, 199.992, 266.853
7.98868, 184.921, 46.0786, 277.483, 205.055, 25.945, 199.992, 266.853
8.03697, 184.921, 46.0786, 277.483, 204.813, 26.1874, 200.648, 267.337
8.08581, 184.921, 46.0786, 277.483, 204.581, 26.4185, 201.132, 267.709
8.13688, 184.921, 46.0786, 277.483, 204.278, 26.7217, 201.715, 268.165
8.18676, 184.921, 46.0786, 277.483, 204.278, 26.7217, 201.715, 268.165
8.24263, 184.921, 46.0786, 277.483, 204.011, 26.9889, 202.18, 268.537
8.34129, 184.921, 46.0786, 277.483, 203.565, 27.4352, 202.515, 268.868
8.38687, 184.921, 46.0786, 277.483, 203.565, 27.4352, 202.515, 268.868
8.44239, 184.921, 46.0786, 277.483, 203.3, 27.6998, 202.643, 269.018
8.48691, 184.921, 46.0786, 277.483, 203.052, 27.9477, 202.771, 269.163
8.55071, 184.921, 46.0786, 277.483, 202.631, 28.3689, 203.014, 269.428
8.60065, 184.921, 46.0786, 277.483, 202.312, 28.6883, 202.978, 269.482
8.63963, 184.921, 46.0786, 277.483, 202.312, 28.6883, 202.978, 269.482
8.74473, 184.921, 46.0786, 277.483, 201.365, 29.6352, 203.431, 270.014
8.7913, 184.921, 46.0786, 277.483, 201.365, 29.6352, 203.431, 270.014
8.89171, 184.921, 46.0786, 277.483, 200.741, 30.2586, 204.126, 270.633
9.14488, 184.921, 46.0786, 277.483, 198.894, 32.106, 209.013, 274.451
9.14529, 184.921, 46.0786, 277.483, 154.653, 76.3472, 248.084, 314.724
9.1939, 184.921, 46.0786, 277.483, 198.894, 32.106, 209.013, 274.451
9.19465, 184.921, 46.0786, 277.483, 154.653, 76.3472, 248.084, 314.724
9.24122, 184.921, 46.0786, 277.483, 198.147, 32.8525, 211.589, 276.467
9.24173, 184.921, 46.0786, 277.483, 155.648, 75.3523, 247.356, 313.934
9.29722, 184.921, 46.0786, 277.483, 198.147, 32.8525, 211.589, 276.467
9.29764, 184.921, 46.0786, 277.483, 155.648, 75.3523, 247.356, 313.934
9.34242, 180.323, 50.6771, 277.483, 192.078, 38.9223, 212.953, 277.534
9.34269, 180.323, 50.6771, 277.483, 151.001, 79.9991, 246.754, 313.329
9.39752, 180.323, 50.6771, 277.483, 191.598, 39.402, 215.715, 279.692
9.39797, 180.323, 50.6771, 277.483, 151.968, 79.0315, 245.162, 311.76
9.45209, 180.323, 50.6771, 277.483, 191.505, 39.4953, 216.945, 280.638
9.45258, 180.323, 50.6771, 277.483, 152.427, 78.5732, 244.262, 310.887
9.4939, 180.323, 50.6771, 277.483, 191.505, 39.4953, 216.945, 280.638
9.4944, 180.323, 50.6771, 277.483, 152.427, 78.5732, 244.262, 310.887
9.54718, 184.921, 46.0786, 277.483, 197.169, 33.8314, 217.999, 281.432
9.54744, 184.921, 46.0786, 277.483, 158.152, 72.8482, 243.423, 310.059
9.60854, 180.323, 50.6771, 277.483, 191.75, 39.2505, 219.651, 282.633
9.60897, 180.323, 50.6771, 277.483, 154.003, 76.997, 241.363, 308.083
9.65185, 180.323, 50.6771, 277.483, 191.75, 39.2505, 219.651, 282.633
9.65297, 180.323, 50.6771, 277.483, 154.003, 76.997, 241.363, 308.083
9.69491, 184.921, 46.0786, 277.483, 197.51, 33.4899, 220.216, 283.03
9.69516, 184.921, 46.0786, 277.483, 159.699, 71.3005, 240.281, 307.058
9.76496, 184.921, 46.0786, 277.483, 198.208, 32.7915, 221.351, 283.725
9.76543, 184.921, 46.0786, 277.483, 160.512, 70.4884, 238.264, 305.177
9.79732, 180.323, 50.6771, 277.483, 192.919, 38.0808, 221.827, 284.015
9.79774, 180.323, 50.6771, 277.483, 155.556, 75.444, 237.219, 304.223
9.84487, 180.323, 50.6771, 277.483, 192.919, 38.0808, 221.827, 284.015
9.84531, 180.323, 50.6771, 277.483, 155.556, 75.444, 237.219, 304.223
9.89563, 180.323, 50.6771, 277.483, 193.305, 37.6948, 222.311, 284.292
9.89602, 180.323, 50.6771, 277.483, 155.767, 75.2329, 236.212, 303.32
9.9459, 180.323, 50.6771, 277.483, 193.643, 37.3572, 222.742, 284.54
9.94619, 180.323, 50.6771, 277.483, 155.963, 75.037, 235.261, 302.47
10.0005, 180.323, 50.6771, 277.483, 194.24, 36.7602, 223.508, 284.983
10.0009, 180.323, 50.6771, 277.483, 156.245, 74.755, 233.915, 301.273
10.1002, 180.323, 50.6771, 277.483, 194.416, 36.5843, 223.9, 285.244
10.1004, 180.323, 50.6771, 277.483, 156.386, 74.6144, 233.422, 300.83
10.1502, 180.323, 50.6771, 277.483, 194.565, 36.4353, 224.481, 285.661
10.1506, 180.323, 50.6771, 277.483, 156.387, 74.6135, 232.983, 300.456
10.2491, 180.323, 50.6771, 277.483, 194.849, 36.1506, 225.513, 286.402
10.2495, 180.323, 50.6771, 277.483, 156.141, 74.8589, 232.029, 299.679
10.2981, 180.323, 50.6771, 277.483, 195.118, 35.8822, 226.709, 287.28
10.2985, 180.323, 50.6771, 277.483, 155.807, 75.1928, 231.2, 299.022
10.3462, 180.323, 50.6771, 277.483, 195.118, 35.8822, 226.709, 287.28
10.3465, 180.323, 50.6771, 277.483, 155.807, 75.1928, 231.2, 299.022
10.3965, 180.323, 50.6771, 277.483, 195.344, 35.6563, 228.275, 288.474
10.3969, 180.323, 50.6771, 277.483, 155.574, 75.426, 230.209, 298.219
10.4507, 180.323, 50.6771, 277.483, 195.344, 35.6563, 228.275, 288.474
10.4511, 180.323, 50.6771, 277.483, 155.574, 75.426, 230.209, 298.219
10.4994, 180.323, 50.6771, 277.483, 195.505, 35.4946, 229.178, 289.159
10.4997, 180.323, 50.6771, 277.483, 155.401, 75.5994, 229.727, 297.837
10.5477, 184.921, 46.0786, 277.483, 201.163, 29.8371, 231.109, 290.669
10.5481, 184.921, 46.0786, 277.483, 160.529, 70.4709, 228.76, 297.064
10.6004, 184.921, 46.0786, 277.483, 201.163, 29.8371, 231.109, 290.669
10.6015, 184.921, 46.0786, 277.483, 160.529, 70.4709, 228.76, 297.064
10.6501, 180.323, 50.6771, 277.483, 195.75, 35.2499, 231.939, 291.342
10.6506, 180.323, 50.6771, 277.483, 154.914, 76.0861, 228.2, 296.625
10.7001, 184.921, 46.0786, 277.483, 201.114, 29.8862, 233.065, 292.281
10.7004, 184.921, 46.0786, 277.483, 159.907, 71.0932, 227.051, 295.729
10.7484, 184.921, 46.0786, 277.483, 201.114, 29.8862, 233.065, 292.281
10.7486, 184.921, 46.0786, 277.483, 159.907, 71.0932, 227.051, 295.729
10.7982, 180.323, 50.6771, 277.483, 195.504, 35.496, 233.581, 292.765
10.7986, 180.323, 50.6771, 277.483, 154.243, 76.7573, 226.084, 294.959
10.8481, 184.921, 46.0786, 277.483, 200.899, 30.1009, 233.581, 292.765
10.8485, 184.921, 46.0786, 277.483, 159.697, 71.3029, 226.084, 294.959
11.0187, 180.323, 50.6771, 277.483, 194.701, 36.2994, 233.883, 293.235
11.019, 180.323, 50.6771, 277.483, 153.95, 77.0498, 223.525, 292.899
11.0591, 184.921, 46.0786, 277.483, 200.088, 30.9121, 233.883, 293.235
11.0594, 184.921, 46.0786, 277.483, 159.448, 71.5517, 223.525, 292.899
11.1103, 184.921, 46.0786, 277.483, 200.048, 30.9519, 233.842, 293.212
11.1108, 184.921, 46.0786, 277.483, 159.374, 71.6255, 223.071, 292.54
11.1544, 184.921, 46.0786, 277.483, 200.048, 30.9519, 233.842, 293.212
11.1549, 184.921, 46.0786, 277.483, 159.374, 71.6255, 223.071, 292.54
11.2003, 184.921, 46.0786, 277.483, 199.953, 31.0469, 233.701, 293.121
11.2007, 184.921, 46.0786, 277.483, 159.347, 71.6525, 222.13, 291.784
11.2549, 184.921, 46.0786, 277.483, 199.953, 31.0469, 233.701, 293.121
11.2552, 184.921, 46.0786, 277.483, 159.347, 71.6525, 222.13, 291.784
11.3504, 184.921, 46.0786, 277.483, 199.945, 31.0548, 233.79, 293.196
11.3507, 184.921, 46.0786, 277.483, 159.304, 71.6961, 221.425, 291.222
11.4553, 180.323, 50.6771, 277.483, 194.756, 36.244, 233.694, 293.063
11.4555, 180.323, 50.6771, 277.483, 153.747, 77.2528, 220.999, 290.883
11.5051, 180.323, 50.6771, 277.483, 194.756, 36.244, 233.694, 293.063
11.5056, 180.323, 50.6771, 277.483, 153.747, 77.2528, 220.999, 290.883
11.5522, 180.323, 50.6771, 277.483, 194.81, 36.19, 233.678, 293.035
11.5526, 180.323, 50.6771, 277.483, 153.726, 77.2741, 220.956, 290.851
11.6526, 180.323, 50.6771, 277.483, 194.985, 36.0147, 233.499, 292.838
11.653, 180.323, 50.6771, 277.483, 153.521, 77.4787, 220.998, 290.91
11.7023, 184.921, 46.0786, 277.483, 200.38, 30.6199, 233.499, 292.838
11.7027, 184.921, 46.0786, 277.483, 159.063, 71.9374, 220.998, 290.91
11.8135, 184.921, 46.0786, 277.483, 200.489, 30.511, 233.287, 292.635
11.8139, 184.921, 46.0786, 277.483, 159.038, 71.9621, 221.175, 291.055
11.9621, 184.921, 46.0786, 277.483, 200.454, 30.5465, 233.316, 292.668
11.9625, 184.921, 46.0786, 277.483, 158.927, 72.0734, 221.533, 291.356
12.111, 184.921, 46.0786, 277.483, 200.522, 30.4778, 233.285, 292.624
12.1115, 184.921, 46.0786, 277.483, 158.874, 72.126, 222.061, 291.787
12.1655, 184.921, 46.0786, 277.483, 200.522, 30.4778, 233.285, 292.624
12.1658, 184.921, 46.0786, 277.483, 158.874, 72.126, 222.061, 291.787
12.2612, 184.921, 46.0786, 277.483, 200.573, 30.4268, 233.415, 292.717
12.2615, 184.921, 46.0786, 277.483, 158.929, 72.0709, 222.375, 292.034
12.3635, 184.921, 46.0786, 277.483, 200.575, 30.4253, 233.421, 292.721
12.3638, 184.921, 46.0786, 277.483, 159.13, 71.87, 222.311, 291.957
12.4065, 180.323, 50.6771, 277.483, 195.164, 35.8355, 233.594, 292.868
12.4067, 180.323, 50.6771, 277.483, 153.637, 77.3631, 222.459, 292.073
12.4626, 184.921, 46.0786, 277.483, 200.558, 30.4418, 233.594, 292.868
12.463, 184.921, 46.0786, 277.483, 159.153, 71.8467, 222.459, 292.073
12.6067, 180.323, 50.6771, 277.483, 195.055, 35.9445, 234.409, 293.576
12.607, 180.323, 50.6771, 277.483, 153.83, 77.1703, 222.494, 292.077
12.7145, 180.323, 50.6771, 277.483, 194.945, 36.0549, 234.622, 293.783
12.7148, 180.323, 50.6771, 277.483, 153.774, 77.226, 222.599, 292.17
12.811, 180.323, 50.6771, 277.483, 194.639, 36.3614, 235.87, 294.911
12.8112, 180.323, 50.6771, 277.483, 153.743, 77.2574, 222.734, 292.283
12.8617, 184.921, 46.0786, 277.483, 199.991, 31.009, 235.87, 294.911
12.862, 184.921, 46.0786, 277.483, 159.254, 71.7457, 222.734, 292.283
12.9075, 184.921, 46.0786, 277.483, 199.863, 31.1369, 237.064, 295.947
12.9079, 184.921, 46.0786, 277.483, 159.494, 71.5059, 222.597, 292.142
13.0085, 180.323, 50.6771, 277.483, 194.429, 36.5713, 238.356, 297.07
13.0089, 180.323, 50.6771, 277.483, 153.894, 77.1064, 222.701, 292.237
13.0706, 184.921, 46.0786, 277.483, 199.778, 31.2222, 239.128, 297.713
13.0713, 184.921, 46.0786, 277.483, 159.363, 71.6367, 222.718, 292.256
13.113, 184.921, 46.0786, 277.483, 199.778, 31.2222, 239.128, 297.713
13.1132, 184.921, 46.0786, 277.483, 159.363, 71.6367, 222.718, 292.256
13.4143, 180.323, 50.6771, 277.483, 193.362, 37.6378, 243.301, 301.622
13.4147, 180.323, 50.6771, 277.483, 153.96, 77.0395, 221.102, 290.938
13.5623, 184.921, 46.0786, 277.483, 198.003, 32.9972, 244.176, 302.541
13.5626, 184.921, 46.0786, 277.483, 159.381, 71.619, 219.906, 289.999
13.6291, 184.921, 46.0786, 277.483, 197.204, 33.7958, 244.769, 303.276
13.6294, 184.921, 46.0786, 277.483, 159.683, 71.3167, 217.957, 288.419
13.6613, 184.921, 46.0786, 277.483, 196.936, 34.0642, 245.043, 303.588
13.6616, 184.921, 46.0786, 277.483, 159.902, 71.0982, 216.649, 287.368
13.7174, 180.323, 50.6771, 277.483, 191.751, 39.2486, 245.043, 303.588
13.7183, 180.323, 50.6771, 277.483, 154.286, 76.7141, 216.649, 287.368
13.7617, 180.323, 50.6771, 277.483, 191.499, 39.5011, 245.599, 304.146
13.7621, 180.323, 50.6771, 277.483, 155.012, 75.9876, 213.98, 285.206
13.8131, 180.323, 50.6771, 277.483, 191.552, 39.4475, 246.009, 304.493
13.8135, 180.323, 50.6771, 277.483, 155.458, 75.5416, 212.537, 284.045
13.8672, 180.323, 50.6771, 277.483, 191.552, 39.4475, 246.009, 304.493
13.8676, 180.323, 50.6771, 277.483, 155.458, 75.5416, 212.537, 284.045
13.9653, 180.323, 50.6771, 277.483, 191.037, 39.9629, 247.108, 305.607
13.9656, 180.323, 50.6771, 277.483, 156.794, 74.2057, 208.059, 280.517
14.0639, 184.921, 46.0786, 277.483, 195.925, 35.075, 248.06, 306.52
14.0642, 184.921, 46.0786, 277.483, 163.258, 67.7421, 205.565, 278.608
14.1186, 180.323, 50.6771, 277.483, 190.796, 40.2044, 248.06, 306.52
14.1188, 180.323, 50.6771, 277.483, 157.451, 73.5486, 205.565, 278.608
14.1633, 180.323, 50.6771, 277.483, 190.625, 40.3746, 249.375, 307.742
14.1635, 180.323, 50.6771, 277.483, 157.834, 73.1662, 203.867, 277.335
14.22, 180.323, 50.6771, 277.483, 190.625, 40.3746, 249.375, 307.742
14.2203, 180.323, 50.6771, 277.483, 157.834, 73.1662, 203.867, 277.335
14.2775, 184.921, 46.0786, 277.483, 195.419, 35.5807, 251.162, 309.429
14.2778, 184.921, 46.0786, 277.483, 164.048, 66.952, 202.667, 276.433
14.3136, 180.323, 50.6771, 277.483, 190.345, 40.6552, 251.162, 309.429
14.314, 180.323, 50.6771, 277.483, 158.191, 72.8085, 202.667, 276.433
14.3735, 180.323, 50.6771, 277.483, 190.345, 40.6552, 251.162, 309.429
14.3738, 180.323, 50.6771, 277.483, 158.796, 72.204, 201.562, 275.575
14.4156, 180.323, 50.6771, 277.483, 190.345, 40.6552, 251.162, 309.429
14.4159, 180.323, 50.6771, 277.483, 158.796, 72.204, 201.562, 275.575
14.4727, 180.323, 50.6771, 277.483, 190.345, 40.6552, 251.162, 309.429
14.4729, 180.323, 50.6771, 277.483, 159.759, 71.2415, 200.429, 274.657
14.5154, 180.323, 50.6771, 277.483, 190.345, 40.6552, 251.162, 309.429
14.5157, 180.323, 50.6771, 277.483, 159.759, 71.2415, 200.429, 274.657
14.5662, 180.323, 50.6771, 277.483, 190.345, 40.6552, 251.162, 309.429
14.5665, 180.323, 50.6771, 277.483, 159.759, 71.2415, 200.429, 274.657
14.62, 180.323, 50.6771, 277.483, 190.345, 40.6552, 251.162, 309.429
14.6204, 180.323, 50.6771, 277.483, 161.238, 69.7616, 198.489, 273.122
14.6757, 180.323, 50.6771, 277.483, 190.345, 40.6552, 251.162, 309.429
14.6761, 180.323, 50.6771, 277.483, 161.238, 69.7616, 198.489, 273.122
14.7178, 180.323, 50.6771, 277.483, 190.345, 40.6552, 251.162, 309.429
14.7181, 180.323, 50.6771, 277.483, 162.073, 68.9266, 196.755, 271.831
14.7716, 180.323, 50.6771, 277.483, 190.345, 40.6552, 251.162, 309.429
14.7723, 180.323, 50.6771, 277.483, 162.496, 68.504, 195.577, 270.984
14.819, 180.323, 50.6771, 277.483, 190.345, 40.6552, 251.162, 309.429
14.8193, 180.323, 50.6771, 277.483, 162.496, 68.504, 195.577, 270.984
14.8751, 180.323, 50.6771, 277.483, 190.345, 40.6552, 251.162, 309.429
14.8755, 180.323, 50.6771, 277.483, 163.539, 67.4609, 192.783, 269.001
14.923, 180.323, 50.6771, 277.483, 190.345, 40.6552, 251.162, 309.429
14.9234, 180.323, 50.6771, 277.483, 163.539, 67.4609, 192.783, 269.001
15.0207, 180.323, 50.6771, 277.483, 190.345, 40.6552, 251.162, 309.429
15.0212, 180.323, 50.6771, 277.483, 165.534, 65.4657, 187.409, 265.322
15.0688, 184.921, 46.0786, 277.483, 195.419, 35.5807, 251.162, 309.429
15.0692, 184.921, 46.0786, 277.483, 171.659, 59.3413, 187.409, 265.322
15.1199, 180.323, 50.6771, 277.483, 190.345, 40.6552, 251.162, 309.429
15.1202, 180.323, 50.6771, 277.483, 166.129, 64.8707, 183.288, 262.751
15.1787, 180.323, 50.6771, 277.483, 190.345, 40.6552, 251.162, 309.429
15.179, 180.323, 50.6771, 277.483, 167.35, 63.6501, 180.783, 261.126
15.2186, 180.323, 50.6771, 277.483, 190.345, 40.6552, 251.162, 309.429
15.2195, 180.323, 50.6771, 277.483, 167.35, 63.6501, 180.783, 261.126
15.2741, 180.323, 50.6771, 277.483, 190.345, 40.6552, 251.162, 309.429
15.2746, 180.323, 50.6771, 277.483, 169.409, 61.5907, 176.364, 258.378
15.3225, 180.323, 50.6771, 277.483, 190.345, 40.6552, 251.162, 309.429
15.3229, 180.323, 50.6771, 277.483, 169.409, 61.5907, 176.364, 258.378
15.4314, 180.323, 50.6771, 277.483, 190.345, 40.6552, 251.162, 309.429
15.4318, 180.323, 50.6771, 277.483, 171.495, 59.5046, 171.379, 255.476
15.4716, 180.323, 50.6771, 277.483, 190.345, 40.6552, 251.162, 309.429
15.472, 180.323, 50.6771, 277.483, 171.495, 59.5046, 171.379, 255.476
15.5228, 183.323, 50.6771, 277.483, 193.345, 40.6552, 251.162, 309.429
15.5233, 183.323, 50.6771, 277.483, 175.423, 58.5768, 169.307, 254.316
15.6231, 180.323, 50.6771, 277.483, 190.345, 40.6552, 251.162, 309.429
15.6235, 180.323, 50.6771, 277.483, 172.707, 58.2925, 168.499, 253.882
15.7208, 180.323, 50.6771, 277.483, 190.345, 40.6552, 251.162, 309.429
15.7212, 180.323, 50.6771, 277.483, 173.118, 57.8823, 167.3, 253.25
15.7722, 180.323, 50.6771, 277.483, 175.428, 55.5716, 288.749, 349.676
15.7725, 180.323, 50.6771, 277.483, 173.118, 57.8823, 167.3, 253.25
15.823, 180.323, 50.6771, 277.483, 174.967, 56.0335, 290.169, 351.247
15.8234, 180.323, 50.6771, 277.483, 173.118, 57.8823, 167.3, 253.25
15.915, 180.323, 50.6771, 277.483, 174.967, 56.0335, 290.169, 351.247
15.9154, 180.323, 50.6771, 277.483, 173.118, 57.8823, 167.3, 253.25
15.9372, 180.323, 50.6771, 277.483, 173.564, 57.4359, 292.434, 353.915
15.9376, 180.323, 50.6771, 277.483, 173.118, 57.8823, 167.3, 253.25
15.973, 180.323, 50.6771, 277.483, 173.095, 57.9047, 295.106, 356.806
15.9733, 180.323, 50.6771, 277.483, 173.118, 57.8823, 167.3, 253.25
16.0293, 184.921, 46.0786, 277.483, 177.107, 53.8926, 297.569, 359.439
16.0297, 184.921, 46.0786, 277.483, 179.601, 51.3988, 167.3, 253.25
16.0724, 180.323, 50.6771, 277.483, 172.865, 58.1354, 297.569, 359.439
16.0727, 180.323, 50.6771, 277.483, 173.118, 57.8823, 167.3, 253.25
16.1287, 180.323, 50.6771, 277.483, 172.294, 58.7062, 302.175, 364.436
16.129, 180.323, 50.6771, 277.483, 173.118, 57.8823, 167.3, 253.25
16.1747, 184.921, 46.0786, 277.483, 176.15, 54.8497, 304.229, 366.685
16.175, 184.921, 46.0786, 277.483, 179.601, 51.3988, 167.3, 253.25
16.2239, 180.323, 50.6771, 277.483, 172.023, 58.9772, 304.229, 366.685
16.2242, 180.323, 50.6771, 277.483, 173.118, 57.8823, 167.3, 253.25
16.2734, 180.323, 50.6771, 277.483, 171.396, 59.604, 307.592, 370.427
16.2737, 180.323, 50.6771, 277.483, 176.757, 54.2431, 154.358, 247.251
16.3272, 180.323, 50.6771, 277.483, 171.396, 59.604, 307.592, 370.427
16.3276, 180.323, 50.6771, 277.483, 176.757, 54.2431, 154.358, 247.251
16.3772, 184.921, 46.0786, 277.483, 175.058, 55.942, 309.946, 373.044
16.3775, 184.921, 46.0786, 277.483, 183.589, 47.4115, 152.103, 246.41
16.4276, 180.323, 50.6771, 277.483, 170.823, 60.1772, 310.781, 373.992
16.428, 180.323, 50.6771, 277.483, 176.799, 54.2009, 151.179, 246.084
16.4786, 180.323, 50.6771, 277.483, 170.823, 60.1772, 310.781, 373.992
16.4789, 180.323, 50.6771, 277.483, 176.799, 54.2009, 151.179, 246.084
16.526, 180.323, 50.6771, 277.483, 170.376, 60.6238, 312.016, 375.429
16.5263, 180.323, 50.6771, 277.483, 177.467, 53.5335, 150.397, 245.736
16.6289, 180.323, 50.6771, 277.483, 170.205, 60.7954, 312.625, 376.128
16.6292, 180.323, 50.6771, 277.483, 177.559, 53.441, 148.768, 245.172
16.6782, 180.323, 50.6771, 277.483, 169.624, 61.3757, 313.604, 377.32
16.6786, 180.323, 50.6771, 277.483, 177.976, 53.0238, 145.29, 244.018
16.7296, 180.323, 50.6771, 277.483, 169.294, 61.7059, 313.943, 377.761
16.73, 180.323, 50.6771, 277.483, 178.268, 52.7316, 143.438, 243.437
16.7823, 180.323, 50.6771, 277.483, 168.971, 62.0292, 314.341, 378.264
16.7827, 180.323, 50.6771, 277.483, 178.615, 52.3848, 141.623, 242.892
16.8277, 180.323, 50.6771, 277.483, 168.971, 62.0292, 314.341, 378.264
16.8281, 180.323, 50.6771, 277.483, 178.615, 52.3848, 141.623, 242.892
16.8767, 180.323, 50.6771, 277.483, 168.04, 62.9596, 315.62, 379.86
16.877, 180.323, 50.6771, 277.483, 179.25, 51.7501, 138.088, 241.917
16.9258, 180.323, 50.6771, 277.483, 168.04, 62.9596, 315.62, 379.86
16.9261, 180.323, 50.6771, 277.483, 179.25, 51.7501, 138.088, 241.917
16.9886, 180.323, 50.6771, 277.483, 167.187, 63.813, 316.88, 381.421
16.9891, 180.323, 50.6771, 277.483, 179.872, 51.1281, 135.342, 241.227
17.1271, 180.323, 50.6771, 277.483, 166.339, 64.6608, 318.55, 383.43
17.1275, 180.323, 50.6771, 277.483, 180.305, 50.6948, 133.477, 240.798
17.2364, 184.921, 46.0786, 277.483, 168.992, 62.0084, 321.575, 387.006
17.2369, 184.921, 46.0786, 277.483, 188.066, 42.9336, 131.843, 240.432
17.29, 180.323, 50.6771, 277.483, 164.723, 66.2772, 322.734, 388.378
17.2904, 180.323, 50.6771, 277.483, 181.223, 49.7773, 131.431, 240.335
17.3282, 180.323, 50.6771, 277.483, 164.723, 66.2772, 322.734, 388.378
17.3285, 180.323, 50.6771, 277.483, 181.223, 49.7773, 131.431, 240.335
17.3793, 180.323, 50.6771, 277.483, 164.117, 66.8834, 324.034, 389.942
17.3797, 180.323, 50.6771, 277.483, 181.553, 49.4472, 131.026, 240.239
17.4328, 184.921, 46.0786, 277.483, 166.246, 64.7539, 327.769, 394.418
17.4331, 184.921, 46.0786, 277.483, 189.405, 41.5947, 130.264, 240.059
17.5407, 184.921, 46.0786, 277.483, 164.687, 66.3128, 331.62, 399.025
17.541, 184.921, 46.0786, 277.483, 190.159, 40.8406, 129.401, 239.868
17.5816, 180.323, 50.6771, 277.483, 160.459, 70.5406, 333.291, 401.017
17.5818, 180.323, 50.6771, 277.483, 183.348, 47.652, 128.909, 239.767
17.6294, 184.921, 46.0786, 277.483, 163.546, 67.4538, 334.972, 403.01
17.6297, 184.921, 46.0786, 277.483, 190.915, 40.0851, 128.382, 239.663
17.6868, 180.323, 50.6771, 277.483, 159.954, 71.0462, 334.972, 403.01
17.6872, 180.323, 50.6771, 277.483, 183.718, 47.2819, 128.382, 239.663
17.7349, 180.323, 50.6771, 277.483, 159.485, 71.5149, 336.713, 405.069
17.7354, 180.323, 50.6771, 277.483, 184.553, 46.4469, 127.365, 239.467
17.7807, 180.323, 50.6771, 277.483, 159.256, 71.7437, 337.574, 406.088
17.781, 180.323, 50.6771, 277.483, 184.938, 46.0618, 126.639, 239.347
17.8849, 184.921, 46.0786, 277.483, 162.393, 68.6066, 339.143, 407.943
17.8853, 184.921, 46.0786, 277.483, 193.03, 37.9705, 124.868, 239.087
17.9325, 180.323, 50.6771, 277.483, 158.873, 72.1273, 339.143, 407.943
17.9328, 180.323, 50.6771, 277.483, 185.761, 45.2394, 124.868, 239.087
17.9826, 180.323, 50.6771, 277.483, 158.711, 72.2892, 339.722, 408.632
17.983, 180.323, 50.6771, 277.483, 186.262, 44.7378, 123.832, 238.952
18.0368, 180.323, 50.6771, 277.483, 158.437, 72.5626, 340.995, 410.133
18.0372, 180.323, 50.6771, 277.483, 187.529, 43.4708, 121.372, 238.682
18.0825, 180.323, 50.6771, 277.483, 158.437, 72.5626, 340.995, 410.133
18.0829, 180.323, 50.6771, 277.483, 187.529, 43.4708, 121.372, 238.682
18.1436, 180.323, 50.6771, 277.483, 182.229, 48.771, 349.735, 414.746
18.1439, 180.323, 50.6771, 277.483, 186.418, 44.5817, 119.357, 238.576
18.1841, 180.323, 50.6771, 277.483, 182.229, 48.771, 349.735, 414.746
18.1845, 180.323, 50.6771, 277.483, 186.418, 44.5817, 119.357, 238.576
18.3343, 180.323, 50.6771, 277.483, 185.709, 45.2909, 338.729, 401.232
18.3347, 180.323, 50.6771, 277.483, 189.974, 41.0258, 112.451, 238.373
18.3839, 180.323, 50.6771, 277.483, 187.369, 43.6306, 333.842, 395.253
18.3843, 180.323, 50.6771, 277.483, 190.545, 40.4547, 110.952, 238.416
18.4894, 180.323, 50.6771, 277.483, 188.587, 42.4134, 329.553, 390.104
18.4898, 180.323, 50.6771, 277.483, 191.877, 39.1232, 107.961, 238.6
18.5381, 180.323, 50.6771, 277.483, 188.783, 42.2173, 328.011, 388.329
18.5385, 180.323, 50.6771, 277.483, 193.085, 37.9152, 105.592, 238.849
18.584, 180.323, 50.6771, 277.483, 188.783, 42.2173, 328.011, 388.329
18.5844, 180.323, 50.6771, 277.483, 193.085, 37.9152, 105.592, 238.849
18.7923, 180.323, 50.6771, 277.483, 188.092, 42.9076, 329.91, 390.644
18.7926, 180.323, 50.6771, 277.483, 195.061, 35.9389, 102.017, 239.418
18.947, 180.323, 50.6771, 277.483, 186.938, 44.0625, 335.185, 396.886
18.9474, 180.323, 50.6771, 277.483, 195.441, 35.5588, 99.8608, 239.795
19.0015, 180.323, 50.6771, 277.483, 186.325, 44.6752, 337.683, 399.877
19.0018, 180.323, 50.6771, 277.483, 195.55, 35.4496, 99.1351, 239.933
19.0363, 180.323, 50.6771, 277.483, 186.325, 44.6752, 337.683, 399.877
19.0368, 180.323, 50.6771, 277.483, 195.617, 35.383, 98.3504, 240.085
19.0935, 180.323, 50.6771, 277.483, 186.325, 44.6752, 337.683, 399.877
19.094, 180.323, 50.6771, 277.483, 195.617, 35.383, 98.3504, 240.085
19.1411, 180.323, 50.6771, 277.483, 186.325, 44.6752, 337.683, 399.877
19.1416, 180.323, 50.6771, 277.483, 195.711, 35.289, 97.5732, 240.246
19.191, 180.323, 50.6771, 277.483, 186.325, 44.6752, 337.683, 399.877
19.1914, 180.323, 50.6771, 277.483, 195.728, 35.2722, 96.6154, 240.443
19.2422, 180.323, 50.6771, 277.483, 186.325, 44.6752, 337.683, 399.877
19.2425, 180.323, 50.6771, 277.483, 195.665, 35.3348, 94.7493, 240.842
19.2872, 184.921, 46.0786, 277.483, 189.898, 41.1024, 337.683, 399.877
19.2875, 184.921, 46.0786, 277.483, 203.558, 27.4421, 94.7493, 240.842
19.3428, 180.323, 50.6771, 277.483, 186.325, 44.6752, 337.683, 399.877
19.3431, 180.323, 50.6771, 277.483, 195.962, 35.0375, 93.3679, 241.213
19.3896, 180.323, 50.6771, 277.483, 186.325, 44.6752, 337.683, 399.877
19.39, 180.323, 50.6771, 277.483, 195.962, 35.0375, 93.3679, 241.213
19.4936, 184.921, 46.0786, 277.483, 189.898, 41.1024, 337.683, 399.877
19.4941, 184.921, 46.0786, 277.483, 205.708, 25.2917, 91.7442, 241.931
19.5428, 184.921, 46.0786, 277.483, 189.898, 41.1024, 337.683, 399.877
19.5433, 184.921, 46.0786, 277.483, 206.47, 24.53, 91.6723, 242.089
19.5972, 180.323, 50.6771, 277.483, 186.325, 44.6752, 337.683, 399.877
19.5976, 180.323, 50.6771, 277.483, 199.774, 31.2258, 87.5009, 243.697
19.6959, 180.323, 50.6771, 277.483, 186.325, 44.6752, 337.683, 399.877
19.6963, 180.323, 50.6771, 277.483, 200.303, 30.6971, 85.9014, 244.418
19.743, 184.921, 46.0786, 277.483, 189.898, 41.1024, 337.683, 399.877
19.7435, 184.921, 46.0786, 277.483, 209.434, 21.5663, 83.1878, 245.792
19.8406, 184.921, 46.0786, 277.483, 189.898, 41.1024, 337.683, 399.877
19.8413, 184.921, 46.0786, 277.483, 210.118, 20.882, 80.9272, 247.028
19.8958, 184.921, 46.0786, 277.483, 189.898, 41.1024, 337.683, 399.877
19.8961, 184.921, 46.0786, 277.483, 210.118, 20.882, 80.9272, 247.028
19.9421, 184.921, 46.0786, 277.483, 189.898, 41.1024, 337.683, 399.877
19.9424, 184.921, 46.0786, 277.483, 210.868, 20.1316, 79.5043, 247.997
19.9911, 184.921, 46.0786, 277.483, 189.898, 41.1024, 337.683, 399.877
19.9914, 184.921, 46.0786, 277.483, 211.156, 19.8437, 78.9562, 248.39
20.0933, 184.921, 46.0786, 277.483, 189.898, 41.1024, 337.683, 399.877
20.0937, 184.921, 46.0786, 277.483, 211.358, 19.6418, 77.952, 249.005
20.1412, 180.323, 50.6771, 277.483, 186.325, 44.6752, 337.683, 399.877
20.1415, 180.323, 50.6771, 277.483, 203.026, 27.9743, 77.952, 249.005
20.2558, 184.921, 46.0786, 277.483, 189.898, 41.1024, 337.683, 399.877
20.2562, 184.921, 46.0786, 277.483, 211.88, 19.1201, 77.2855, 249.599
20.3005, 184.921, 46.0786, 277.483, 189.898, 41.1024, 337.683, 399.877
20.301, 184.921, 46.0786, 277.483, 212.204, 18.7958, 77.2713, 249.753
20.3423, 184.921, 46.0786, 277.483, 189.898, 41.1024, 337.683, 399.877
20.3426, 184.921, 46.0786, 277.483, 212.204, 18.7958, 77.2713, 249.753
20.3934, 184.921, 46.0786, 277.483, 189.898, 41.1024, 337.683, 399.877
20.3938, 184.921, 46.0786, 277.483, 212.719, 18.2807, 77.0385, 250.125
20.4432, 184.921, 46.0786, 277.483, 189.898, 41.1024, 337.683, 399.877
20.4437, 184.921, 46.0786, 277.483, 213.066, 17.9341, 77.0112, 250.305
20.4927, 184.921, 46.0786, 277.483, 189.898, 41.1024, 337.683, 399.877
20.493, 184.921, 46.0786, 277.483, 213.066, 17.9341, 77.0112, 250.305
20.5427, 184.921, 46.0786, 277.483, 189.898, 41.1024, 337.683, 399.877
20.543, 184.921, 46.0786, 277.483, 213.858, 17.1416, 76.949, 250.73
20.6003, 184.921, 46.0786, 277.483, 189.898, 41.1024, 337.683, 399.877
20.6007, 184.921, 46.0786, 277.483, 213.858, 17.1416, 76.949, 250.73
20.6502, 184.921, 46.0786, 277.483, 189.898, 41.1024, 337.683, 399.877
20.6506, 184.921, 46.0786, 277.483, 214.739, 16.2605, 76.7313, 251.317
20.6999, 184.921, 46.0786, 277.483, 189.898, 41.1024, 337.683, 399.877
20.7003, 184.921, 46.0786, 277.483, 214.739, 16.2605, 76.7313, 251.317
20.7475, 184.921, 46.0786, 277.483, 189.898, 41.1024, 337.683, 399.877
20.7479, 184.921, 46.0786, 277.483, 215.208, 15.7923, 76.5433, 251.69
20.8047, 184.921, 46.0786, 277.483, 189.898, 41.1024, 337.683, 399.877
20.8052, 184.921, 46.0786, 277.483, 216.044, 14.9556, 75.6969, 252.736
20.8472, 184.921, 46.0786, 277.483, 189.898, 41.1024, 337.683, 399.877
20.8476, 184.921, 46.0786, 277.483, 216.044, 14.9556, 75.6969, 252.736
20.9008, 184.921, 46.0786, 277.483, 189.898, 41.1024, 337.683, 399.877
20.9011, 184.921, 46.0786, 277.483, 215.392, 15.6082, 74.1997, 253.401
20.9476, 184.921, 46.0786, 277.483, 189.898, 41.1024, 337.683, 399.877
20.948, 184.921, 46.0786, 277.483, 215.392, 15.6082, 74.1997, 253.401
20.9959, 184.921, 46.0786, 277.483, 189.898, 41.1024, 337.683, 399.877
20.9961, 184.921, 46.0786, 277.483, 214.455, 16.5448, 71.2426, 255.008
21.0495, 184.921, 46.0786, 277.483, 189.898, 41.1024, 337.683, 399.877
21.0498, 184.921, 46.0786, 277.483, 214.455, 16.5448, 71.2426, 255.008
21.1029, 184.921, 46.0786, 277.483, 189.898, 41.1024, 337.683, 399.877
21.1033, 184.921, 46.0786, 277.483, 216.089, 14.9107, 69.3899, 257.793
21.1467, 184.921, 46.0786, 277.483, 189.898, 41.1024, 337.683, 399.877
21.1471, 184.921, 46.0786, 277.483, 216.089, 14.9107, 69.3899, 257.793
21.1991, 184.921, 46.0786, 277.483, 189.898, 41.1024, 337.683, 399.877
21.1994, 184.921, 46.0786, 277.483, 219.533, 11.4667, 69.1621, 261.283
