0.000182629, 102.298, 128.702, 409.403, 225.134, 5.86573, 97.3008, 354.979
0.0721061, 102.243, 128.757, 409.134, 225.16, 5.83959, 97.3988, 354.616
0.0954156, 102.243, 128.757, 409.134, 225.16, 5.83959, 97.3988, 354.616
0.198193, 101.854, 129.146, 408.457, 219.583, 11.4171, 99.618, 347.436
0.29467, 101.49, 129.51, 405.862, 220.215, 10.7848, 100.878, 343.994
0.449944, 101.545, 129.455, 403.359, 220.472, 10.5277, 101.507, 341.07
0.507631, 101.451, 129.549, 400.925, 220.692, 10.3084, 102.067, 338.223
0.648954, 101.21, 129.79, 397.521, 220.89, 10.1098, 103.003, 334.009
0.866312, 98.4514, 132.549, 394.438, 213.045, 17.9549, 104.196, 329.817
0.954983, 98.4047, 132.595, 392.847, 218.111, 12.8887, 108.112, 327.986
1.04723, 101.188, 129.812, 391.635, 225.174, 5.82611, 109.099, 325.35
1.25387, 102.248, 128.752, 389.045, 224.523, 6.47683, 112.736, 319.424
1.35075, 102.919, 128.081, 387.69, 224.086, 6.91358, 114.499, 316.517
1.40973, 103.288, 127.712, 386.952, 223.932, 7.06786, 115.349, 315.099
1.50181, 104.04, 126.96, 385.604, 223.729, 7.27068, 116.774, 312.711
1.61063, 104.766, 129.234, 384.416, 219.132, 14.8677, 118.088, 310.672
1.65244, 104.801, 126.199, 383.63, 223.738, 7.26213, 118.518, 309.609
1.75662, 105.661, 125.339, 381.907, 223.505, 7.4946, 118.934, 307.707
1.80602, 105.945, 125.055, 379.607, 223.215, 7.78546, 119.264, 305.106
1.90297, 105.407, 128.593, 377.942, 218.024, 15.976, 119.37, 302.885
2.0105, 104.357, 129.643, 376.761, 217.425, 16.5747, 119.589, 300.934
2.05313, 104.008, 129.992, 375.877, 217.162, 16.8384, 119.683, 299.751
2.20466, 108.346, 122.654, 363.175, 220.635, 10.3653, 120.028, 287.762
2.25313, 108.346, 122.654, 363.175, 220.635, 10.3653, 120.028, 287.762
2.30607, 110.464, 120.536, 358.472, 219.981, 11.0191, 120.468, 283.235
2.45361, 112.879, 118.121, 354.378, 219.175, 11.8246, 121.517, 279.029
2.55884, 113.216, 120.784, 353.652, 214.364, 19.6359, 121.987, 278.135
2.6583, 114.491, 116.509, 352.792, 218.328, 12.6716, 123.196, 276.701
2.70866, 114.761, 116.239, 352.534, 217.859, 13.1414, 123.939, 275.938
2.75579, 114.761, 116.239, 352.534, 217.859, 13.1414, 123.939, 275.938
2.90647, 115.164, 115.836, 351.679, 218.093, 12.9067, 128.131, 272.973
3.01233, 114.769, 116.231, 351.29, 217.349, 13.6508, 128.992, 271.736
3.05764, 114.769, 116.231, 351.29, 217.349, 13.6508, 128.992, 271.736
3.15816, 114.349, 116.651, 350.674, 217.027, 13.9728, 129.562, 270.568
3.21189, 114.182, 116.818, 350.422, 216.952, 14.048, 129.9, 270.056
3.36028, 113.829, 117.171, 349.263, 210.641, 20.3591, 135.067, 264.62
3.4099, 113.829, 117.171, 349.263, 210.641, 20.3591, 135.067, 264.62
3.46294, 113.825, 117.175, 348.443, 210.693, 20.3066, 135.986, 263.448
3.56513, 113.918, 117.082, 347.306, 210.796, 20.2044, 136.632, 262.156
3.66014, 114.071, 116.929, 345.883, 210.84, 20.1604, 137.144, 260.671
3.81231, 114.174, 116.826, 344.014, 210.487, 20.5133, 137.904, 258.564
3.86111, 113.739, 120.261, 343.184, 206.147, 27.8529, 138.282, 257.613
3.9196, 114.305, 116.695, 342.351, 211.572, 19.4285, 138.506, 257.039
3.96606, 113.795, 120.205, 342.351, 207.438, 26.5618, 138.506, 257.039
4.01556, 114.426, 116.574, 340.409, 212.262, 18.7378, 139.513, 255.01
4.06321, 114.62, 116.38, 339.342, 212.1, 18.9001, 140.176, 253.812
4.11768, 114.62, 116.38, 339.342, 212.1, 18.9001, 140.176, 253.812
4.16297, 114.999, 116.001, 337.122, 211.343, 19.6571, 141.819, 251.171
4.21671, 114.999, 116.001, 337.122, 211.343, 19.6571, 141.819, 251.171
4.26598, 116.469, 114.531, 336.79, 210.564, 20.4358, 143.889, 250.773
4.32583, 116.469, 114.531, 336.79, 210.564, 20.4358, 143.889, 250.773
4.37491, 117.754, 113.246, 335.821, 209.831, 21.169, 146.195, 249.73
4.41618, 117.138, 116.862, 335.821, 205.85, 28.1498, 146.195, 249.73
4.46389, 118.37, 112.63, 331.761, 209.658, 21.3421, 147.432, 245.988
4.53051, 118.083, 115.917, 327.046, 205.434, 28.566, 149.654, 241.404
4.56626, 119.005, 111.995, 325.178, 209.236, 21.7639, 150.501, 239.621
4.61517, 119.005, 111.995, 325.178, 209.236, 21.7639, 150.501, 239.621
4.66407, 119.213, 111.787, 321.874, 209.042, 21.9584, 151.944, 236.49
4.71606, 119.213, 111.787, 321.874, 209.042, 21.9584, 151.944, 236.49
4.7681, 119.206, 111.794, 320.566, 209.031, 21.9695, 152.495, 235.226
4.828, 119.2, 111.8, 319.42, 209.063, 21.9366, 152.975, 234.13
4.86669, 119.242, 111.758, 317.804, 209.029, 21.9709, 153.632, 232.623
4.93164, 119.242, 111.758, 317.804, 209.029, 21.9709, 153.632, 232.623
4.97505, 119.326, 111.674, 316.839, 208.961, 22.0394, 153.967, 231.77
5.01607, 118.386, 115.614, 316.839, 205.126, 28.8738, 153.967, 231.77
5.07019, 113.486, 111.514, 315.819, 202.818, 22.1822, 154.221, 230.93
5.12321, 119.74, 111.26, 315.28, 208.689, 22.3108, 154.295, 230.597
5.17345, 113.952, 111.048, 314.876, 202.523, 22.4769, 154.26, 230.371
5.22063, 113.952, 111.048, 314.876, 202.523, 22.4769, 154.26, 230.371
5.27294, 119.312, 114.688, 314.062, 204.213, 29.7874, 154.407, 229.826
5.32015, 120.297, 110.703, 314.062, 208.034, 22.9664, 154.407, 229.826
5.37112, 120.671, 110.329, 313.13, 207.484, 23.5159, 154.414, 229.219
5.431, 120.834, 110.166, 312.533, 207.135, 23.8647, 154.451, 228.782
5.47748, 120.97, 110.03, 311.958, 206.853, 24.1466, 154.703, 228.328
5.52147, 115.286, 109.714, 311.376, 200.522, 24.4777, 154.968, 227.981
5.57574, 121.286, 109.714, 311.376, 206.522, 24.4777, 154.968, 227.981
5.61927, 115.559, 109.441, 310.8, 200.181, 24.8191, 155.058, 227.636
5.66923, 122.199, 108.801, 309.631, 205.555, 25.4455, 155.457, 226.985
5.71979, 116.199, 108.801, 309.631, 199.555, 25.4455, 155.457, 226.985
5.77079, 123.016, 107.984, 308.618, 204.932, 26.0682, 156.01, 226.586
5.82751, 122.282, 111.718, 308.102, 200.933, 33.0669, 156.381, 226.346
5.87053, 123.728, 107.272, 307.544, 204.527, 26.4727, 156.905, 226.079
5.97026, 124.396, 106.604, 306.5, 204.251, 26.7491, 158.418, 225.58
6.02432, 124.656, 106.344, 305.888, 204.104, 26.8962, 159.329, 225.223
6.07117, 123.766, 110.234, 305.049, 200.244, 33.7565, 160.259, 224.686
6.12081, 123.766, 110.234, 305.049, 200.244, 33.7565, 160.259, 224.686
6.2301, 119.089, 105.911, 302.989, 197.23, 27.7697, 162.046, 223.163
6.27184, 125.775, 105.225, 300.098, 202.36, 28.6404, 163.765, 221.42
6.35104, 118.429, 106.571, 299.204, 195.687, 29.3128, 165.735, 219.902
6.37769, 124.429, 106.571, 299.204, 201.687, 29.3128, 165.735, 219.902
6.42509, 123.975, 107.025, 298.415, 201.455, 29.5446, 166.95, 219.065
6.4743, 117.975, 107.025, 298.415, 195.455, 29.5446, 166.95, 219.065
6.53598, 119.571, 105.429, 292.184, 195.127, 29.8732, 167.895, 215.588
6.57427, 120.857, 104.143, 288.709, 194.997, 30.0027, 168.319, 214.019
6.63344, 126.857, 104.143, 288.709, 200.997, 30.0027, 168.319, 214.019
6.67379, 128.846, 102.154, 283.855, 200.782, 30.2183, 169.198, 212.151
6.73077, 129.593, 101.407, 282.051, 200.712, 30.2876, 169.624, 211.525
6.77666, 129.593, 101.407, 282.051, 200.712, 30.2876, 169.624, 211.525
6.82792, 130.771, 100.229, 279.047, 200.542, 30.4584, 170.339, 210.498
6.8803, 130.771, 100.229, 279.047, 200.542, 30.4584, 170.339, 210.498
6.92475, 131.652, 99.3481, 277.08, 200.492, 30.5075, 170.696, 209.916
6.97761, 131.652, 99.3481, 277.08, 200.492, 30.5075, 170.696, 209.916
7.07547, 132.404, 98.596, 275.878, 200.492, 30.5075, 170.696, 209.683
7.12897, 132.404, 98.596, 275.878, 200.492, 30.5075, 170.696, 209.683
7.19077, 132.57, 98.4303, 275.772, 200.492, 30.5075, 170.696, 209.742
7.23002, 132.73, 98.2704, 275.958, 200.492, 30.5075, 170.696, 209.998
7.28253, 132.73, 98.2704, 275.958, 200.492, 30.5075, 170.696, 209.998
7.33171, 132.756, 98.2436, 276.052, 200.492, 30.5075, 170.696, 210.084
7.38094, 132.762, 98.2376, 276.118, 200.492, 30.5075, 170.696, 210.134
7.42794, 132.762, 98.2376, 276.118, 200.492, 30.5075, 170.696, 210.134
7.47825, 132.701, 98.2994, 275.84, 200.492, 30.5075, 170.696, 209.893
7.53384, 126.595, 98.405, 275.554, 194.492, 30.5075, 170.696, 209.612
7.57838, 132.595, 98.405, 275.554, 200.492, 30.5075, 170.696, 209.612
7.68465, 132.428, 98.5718, 274.916, 200.492, 30.5075, 170.696, 209.041
7.72933, 132.294, 98.7065, 274, 200.492, 30.5075, 170.696, 208.306
7.83267, 132.007, 98.9932, 273.152, 200.492, 30.5075, 170.696, 207.497
7.88022, 132.007, 98.9932, 273.152, 200.492, 30.5075, 170.696, 207.497
7.93558, 131.884, 99.1161, 272.736, 200.492, 30.5075, 170.696, 207.115
7.98644, 131.589, 99.411, 271.554, 200.492, 30.5075, 170.696, 206.072
8.06326, 129.761, 104.239, 270.907, 195.006, 38.9944, 179.961, 208.924
8.08639, 125.347, 99.6532, 270.138, 191.547, 33.4534, 180.077, 208.494
8.14028, 125.381, 99.6195, 269.299, 190.977, 34.0228, 180.545, 208.269
8.18793, 125.381, 99.6195, 269.299, 190.977, 34.0228, 180.545, 208.269
8.24309, 125.946, 99.0545, 268.447, 189.902, 35.0976, 182.338, 209.132
8.28591, 125.946, 99.0545, 268.447, 189.902, 35.0976, 182.338, 209.132
8.33154, 132.407, 98.5926, 265.117, 194.84, 36.16, 184.995, 208.933
8.38562, 126.861, 98.1391, 263.433, 188.315, 36.685, 186.579, 209.232
8.44084, 132.861, 98.1391, 263.433, 194.315, 36.685, 186.579, 209.232
8.48811, 129.096, 101.904, 260.232, 187.164, 43.8365, 189.883, 210.401
8.5851, 135.371, 95.6286, 257.201, 192.494, 38.5063, 193.067, 212.079
8.63369, 135.371, 95.6286, 257.201, 192.494, 38.5063, 193.067, 212.079
8.68676, 136.603, 94.3972, 254.742, 192.022, 38.9778, 195.88, 213.844
8.74253, 137.046, 93.9539, 253.707, 191.914, 39.0856, 196.988, 214.506
8.78506, 137.343, 93.6567, 252.804, 191.787, 39.2133, 197.959, 215.035
8.83476, 137.343, 93.6567, 252.804, 191.787, 39.2133, 197.959, 215.035
8.94742, 137.81, 93.19, 251.343, 191.67, 39.3296, 199.727, 216.035
9.09198, 138.462, 92.5385, 250.643, 191.417, 39.5833, 200.323, 216.812
9.13903, 138.681, 92.3185, 250.557, 191.299, 39.7011, 200.417, 217.073
9.18793, 138.681, 92.3185, 250.557, 191.299, 39.7011, 200.417, 217.073
9.24479, 139.182, 91.8175, 250.344, 191.01, 39.99, 200.583, 217.633
9.29495, 137.132, 96.8681, 250.344, 188.072, 45.9276, 200.583, 217.633
9.33932, 139.793, 91.207, 250.122, 190.588, 40.4118, 200.739, 218.316
9.39107, 140.064, 90.936, 249.927, 190.402, 40.5982, 200.903, 218.645
9.44079, 140.064, 90.936, 249.927, 190.402, 40.5982, 200.903, 218.645
9.54307, 141.278, 89.7224, 248.786, 189.691, 41.3089, 201.468, 219.879
9.60883, 141.278, 89.7224, 248.786, 189.691, 41.3089, 201.468, 219.879
9.71727, 142.603, 88.3971, 246.984, 189.033, 41.9672, 202.241, 221.122
9.74013, 142.996, 88.0044, 246.157, 188.837, 42.1633, 202.526, 221.428
9.79887, 143.417, 87.583, 245.258, 188.618, 42.3821, 202.839, 221.767
9.83946, 143.417, 87.583, 245.258, 188.618, 42.3821, 202.839, 221.767
9.88879, 144.309, 86.6912, 243.339, 188.341, 42.659, 203.68, 222.6
9.95264, 144.772, 86.2278, 242.27, 188.319, 42.6808, 204.276, 223.12
10.0008, 145.062, 85.9381, 241.233, 188.198, 42.802, 204.974, 223.601
10.0415, 145.062, 85.9381, 241.233, 188.198, 42.802, 204.974, 223.601
10.1431, 145.443, 85.5575, 238.131, 187.957, 43.0431, 207.698, 225.157
10.1981, 145.443, 85.5575, 238.131, 187.957, 43.0431, 207.698, 225.157
10.2405, 145.424, 85.5758, 236.264, 187.625, 43.375, 210.203, 226.705
10.2931, 145.424, 85.5758, 236.264, 187.625, 43.375, 210.203, 226.705
10.3414, 145.366, 85.6339, 234.912, 187.261, 43.7385, 213.098, 228.799
10.3993, 145.366, 85.6339, 234.912, 187.261, 43.7385, 213.098, 228.799
10.4465, 145.285, 85.7146, 234.117, 186.835, 44.1651, 216.191, 231.299
10.5524, 139.79, 91.2096, 233.74, 180.886, 50.1136, 218.749, 233.393
10.5925, 144.903, 86.0967, 233.585, 186.464, 44.5363, 219.854, 234.143
10.642, 144.903, 86.0967, 233.585, 186.464, 44.5363, 219.854, 234.143
10.6972, 144.462, 86.5376, 233.351, 186.452, 44.5475, 221.352, 235.01
10.7453, 144.156, 86.8444, 233.273, 186.547, 44.4527, 222.061, 235.311
10.7929, 143.803, 87.1975, 233.176, 186.657, 44.3434, 222.709, 235.504
10.8444, 143.803, 87.1975, 233.176, 186.657, 44.3434, 222.709, 235.504
10.8943, 143.06, 87.9399, 232.961, 187.053, 43.9474, 223.966, 235.773
10.9505, 142.724, 88.276, 232.816, 187.317, 43.6826, 224.575, 235.902
10.9946, 142.724, 88.276, 232.816, 187.317, 43.6826, 224.575, 235.902
11.0471, 142.311, 88.6886, 232.662, 187.531, 43.4686, 224.995, 235.791
11.0965, 141.82, 89.1796, 232.559, 187.773, 43.227, 225.4, 235.594
11.1502, 141.489, 89.5113, 232.272, 187.984, 43.0165, 225.758, 235.48
11.1952, 140.639, 90.3607, 231.644, 188.231, 42.7692, 226.192, 234.839
11.2504, 135.27, 95.7304, 231.644, 182.743, 48.257, 226.192, 234.839
11.2958, 137.512, 96.4883, 230.89, 185.923, 48.0767, 226.62, 234.294
11.354, 139.895, 91.1046, 230.89, 188.404, 42.5959, 226.62, 234.294
11.3988, 139.513, 91.4869, 230.444, 188.442, 42.5581, 226.777, 233.958
11.4491, 138.892, 92.1085, 229.661, 188.487, 42.5131, 227.049, 233.422
11.5035, 138.561, 92.4387, 229.14, 188.432, 42.5684, 227.056, 233.008
11.5491, 138.561, 92.4387, 229.14, 188.432, 42.5684, 227.056, 233.008
11.6083, 137.992, 93.0081, 227.988, 188.435, 42.5648, 227.132, 232.281
11.6541, 137.85, 93.1502, 227.221, 188.378, 42.6219, 227.098, 231.971
11.6983, 137.762, 93.2385, 226.455, 188.385, 42.6149, 227.095, 231.731
11.7547, 137.762, 93.2385, 226.455, 188.385, 42.6149, 227.095, 231.731
11.8056, 137.43, 93.5699, 225.072, 188.294, 42.7057, 227.021, 231.093
11.9031, 137.156, 93.8437, 224.091, 188.195, 42.8052, 226.808, 230.459
11.95, 137.078, 93.9219, 223.629, 188.157, 42.843, 226.726, 230.228
12.0148, 137.034, 93.966, 223.197, 188.069, 42.9306, 226.606, 230.013
12.0489, 136.967, 94.0327, 222.835, 188.012, 42.9878, 226.59, 229.882
12.1021, 136.92, 94.0797, 222.538, 187.946, 43.0542, 226.471, 229.684
12.1597, 136.92, 94.0797, 222.538, 187.946, 43.0542, 226.471, 229.684
12.2004, 136.801, 94.1987, 222.537, 187.858, 43.1422, 226.303, 229.425
12.2593, 136.78, 94.2201, 222.668, 187.826, 43.1743, 226.233, 229.367
12.3522, 136.843, 94.1575, 223.09, 187.877, 43.1234, 226.133, 229.395
12.4107, 136.873, 94.1273, 223.347, 187.895, 43.1048, 226.054, 229.39
12.4602, 136.897, 94.1033, 223.667, 187.912, 43.0882, 225.97, 229.386
12.5096, 136.922, 94.0784, 223.962, 187.876, 43.1235, 225.91, 229.418
12.5571, 136.922, 94.0784, 223.962, 187.876, 43.1235, 225.91, 229.418
12.6021, 137.002, 93.9976, 224.435, 187.873, 43.127, 225.888, 229.567
12.6627, 137.01, 93.9902, 224.652, 187.855, 43.1452, 225.92, 229.651
12.7021, 137.064, 93.9358, 224.816, 187.955, 43.0452, 226.05, 229.834
12.7613, 137.1, 93.9, 225.027, 187.997, 43.0026, 226.19, 230.032
12.806, 137.1, 93.9, 225.027, 187.997, 43.0026, 226.19, 230.032
12.8553, 137.133, 93.8669, 225.19, 188.028, 42.9718, 226.276, 230.171
12.9137, 137.241, 93.7588, 225.329, 188.107, 42.893, 226.6, 230.596
12.9566, 137.301, 93.6989, 225.362, 188.139, 42.8609, 226.742, 230.791
13.0051, 137.301, 93.6989, 225.362, 188.139, 42.8609, 226.742, 230.791
13.0604, 137.421, 93.5787, 225.413, 188.213, 42.7868, 227.141, 231.285
13.105, 137.421, 93.5787, 225.413, 188.213, 42.7868, 227.141, 231.285
13.1595, 137.45, 93.5499, 225.39, 188.23, 42.7696, 227.231, 231.391
13.2065, 137.471, 93.5286, 225.359, 188.36, 42.6401, 227.415, 231.55
13.2632, 137.497, 93.5027, 225.323, 188.551, 42.449, 227.909, 231.995
13.3097, 137.497, 93.5027, 225.323, 188.551, 42.449, 227.909, 231.995
13.3761, 131.459, 93.5413, 225.315, 182.707, 42.2929, 228.691, 232.671
13.4108, 137.459, 93.5413, 225.315, 188.707, 42.2929, 228.691, 232.671
13.4678, 137.386, 93.6135, 225.208, 188.163, 42.8368, 229.521, 233.538
13.5064, 137.386, 93.6135, 225.208, 188.163, 42.8368, 229.521, 233.538
13.5584, 137.32, 93.68, 225.069, 187.861, 43.139, 229.992, 233.991
13.6061, 137.278, 93.722, 224.769, 187.608, 43.3925, 230.726, 234.688
13.6634, 137.352, 93.6483, 223.621, 187.178, 43.8219, 232.649, 236.601
13.7068, 137.352, 93.6483, 223.621, 187.178, 43.8219, 232.649, 236.601
13.7624, 137.636, 93.364, 221.718, 186.766, 44.2342, 235.346, 239.441
13.8084, 137.636, 93.364, 221.718, 186.766, 44.2342, 235.346, 239.441
13.8636, 137.981, 93.0194, 219.293, 186.401, 44.5989, 239.242, 243.601
13.9076, 137.981, 93.0194, 219.293, 186.401, 44.5989, 239.242, 243.601
13.959, 138.388, 92.6115, 216.633, 185.939, 45.0614, 243.347, 248.21
14.008, 132.758, 98.2423, 216.633, 180.751, 50.2487, 243.347, 248.21
14.1102, 139.047, 91.9531, 214.076, 185.407, 45.5928, 246.93, 252.697
14.2699, 134.235, 96.7655, 211.308, 179.734, 51.2662, 249.459, 256.413
14.2938, 140.734, 90.2662, 208.896, 184.009, 46.9914, 251.206, 259.288
14.321, 140.734, 90.2662, 208.896, 184.009, 46.9914, 251.206, 259.288
14.5895, 135.497, 95.5033, 207.19, 177.968, 53.032, 252.361, 261.393
14.6096, 142.071, 88.9292, 205.714, 182.292, 48.7082, 253.239, 263.357
14.634, 142.071, 88.9292, 205.714, 182.292, 48.7082, 253.239, 263.357
14.7794, 143.854, 87.1456, 203.528, 181.95, 49.0502, 254.382, 266.542
14.8213, 140.651, 90.3495, 199.745, 176.382, 54.6182, 257.118, 272.641
14.8473, 146.561, 84.4391, 199.745, 181.324, 49.676, 257.118, 272.641
14.8676, 146.561, 84.4391, 199.745, 181.324, 49.676, 257.118, 272.641
14.8902, 147.269, 83.7307, 198.702, 181.038, 49.9616, 258.164, 274.677
14.9118, 147.269, 83.7307, 198.702, 181.038, 49.9616, 258.164, 274.677
14.9322, 147.269, 83.7307, 198.702, 181.038, 49.9616, 258.164, 274.677
14.9539, 147.269, 83.7307, 198.702, 181.038, 49.9616, 258.164, 274.677
15.1892, 148.446, 82.5535, 196.826, 180.141, 50.8591, 260.462, 278.87
15.2127, 150.45, 80.5502, 193.261, 178.356, 52.6437, 265.257, 287.252
15.233, 150.45, 80.5502, 193.261, 178.356, 52.6437, 265.257, 287.252
15.255, 150.45, 80.5502, 193.261, 178.356, 52.6437, 265.257, 287.252
15.2809, 150.45, 80.5502, 193.261, 178.356, 52.6437, 265.257, 287.252
15.3906, 151.057, 79.9425, 192.227, 178.356, 52.6437, 265.257, 287.937
15.4135, 152.508, 78.4915, 189.506, 178.356, 52.6437, 265.257, 289.606
15.4354, 154.294, 76.7064, 185.656, 178.356, 52.6437, 265.257, 291.742
15.4546, 155.136, 75.8645, 183.596, 178.356, 52.6437, 265.257, 292.792
15.4739, 148.954, 82.046, 183.596, 173.558, 57.442, 265.257, 292.792
15.4976, 148.954, 82.046, 183.596, 173.558, 57.442, 265.257, 292.792
15.5174, 148.954, 82.046, 183.596, 173.558, 57.442, 265.257, 292.792
15.7612, 152.427, 78.5733, 174.539, 173.558, 57.442, 265.257, 297.488
15.7853, 154.317, 76.6826, 170.266, 173.558, 57.442, 265.257, 300.041
15.8058, 154.317, 76.6826, 170.266, 173.558, 57.442, 265.257, 300.041
15.825, 154.317, 76.6826, 170.266, 173.558, 57.442, 265.257, 300.041
15.8445, 154.317, 76.6826, 170.266, 173.558, 57.442, 265.257, 300.041
15.864, 154.317, 76.6826, 170.266, 173.558, 57.442, 265.257, 300.041
16.0734, 156.659, 74.3412, 165.875, 173.558, 57.442, 265.257, 303.117
16.0934, 157.82, 73.1798, 163.978, 173.558, 57.442, 265.257, 304.613
16.1166, 157.996, 73.0036, 163.556, 173.558, 57.442, 265.257, 304.866
16.1413, 164.523, 66.4775, 163.556, 178.356, 52.6437, 265.257, 304.866
16.1878, 157.996, 73.0036, 163.556, 173.558, 57.442, 265.257, 304.866
16.3727, 158.32, 72.6803, 162.819, 173.558, 57.442, 265.257, 305.324
16.3956, 158.489, 72.5111, 162.485, 173.558, 57.442, 265.257, 305.555
16.4192, 158.489, 72.5111, 162.485, 173.558, 57.442, 265.257, 305.555
16.4391, 158.489, 72.5111, 162.485, 173.558, 57.442, 265.257, 305.555
16.4591, 158.489, 72.5111, 162.485, 173.558, 57.442, 265.257, 305.555
16.4799, 158.489, 72.5111, 162.485, 173.558, 57.442, 265.257, 305.555
16.6837, 158.489, 72.5111, 162.485, 173.558, 57.442, 265.257, 305.555
16.7033, 158.489, 72.5111, 162.485, 173.558, 57.442, 265.257, 305.555
16.7238, 158.489, 72.5111, 162.485, 173.558, 57.442, 265.257, 305.555
16.7447, 158.489, 72.5111, 162.485, 173.558, 57.442, 265.257, 305.555
16.7647, 158.489, 72.5111, 162.485, 173.558, 57.442, 265.257, 305.555
16.7929, 158.489, 72.5111, 162.485, 173.558, 57.442, 265.257, 305.555
16.9888, 158.489, 72.5111, 162.485, 173.558, 57.442, 265.257, 305.555
17.0096, 160.729, 70.2713, 148.452, 173.558, 57.442, 265.257, 310.729
17.0316, 160.81, 70.1902, 146.41, 173.558, 57.442, 265.257, 311.289
17.053, 160.98, 70.0199, 145.275, 173.558, 57.442, 265.257, 311.73
17.0726, 160.98, 70.0199, 145.275, 173.558, 57.442, 265.257, 311.73
17.0944, 160.98, 70.0199, 145.275, 173.558, 57.442, 265.257, 311.73
17.2971, 160.98, 70.0199, 145.275, 173.558, 57.442, 265.257, 311.73
17.3441, 162.049, 68.9515, 140.729, 173.558, 57.442, 265.257, 313.915
17.3632, 162.58, 68.4202, 139.217, 173.558, 57.442, 265.257, 314.829
17.6008, 170.936, 60.0642, 135.866, 178.356, 52.6437, 265.257, 317.048
17.6209, 173.211, 57.7891, 130.197, 178.356, 52.6437, 265.257, 320.775
17.6404, 173.944, 57.0557, 128.383, 178.356, 52.6437, 265.257, 321.993
17.7174, 173.944, 57.0557, 128.383, 178.356, 52.6437, 265.257, 321.993
17.9797, 175.339, 55.6615, 124.089, 178.356, 52.6437, 265.257, 324.578
18.0014, 175.938, 55.0622, 122.253, 178.356, 52.6437, 265.257, 325.704
18.0212, 175.938, 55.0622, 122.253, 178.356, 52.6437, 265.257, 325.704
18.0432, 175.938, 55.0622, 122.253, 178.356, 52.6437, 265.257, 325.704
18.2156, 176.28, 54.7198, 121.576, 178.356, 52.6437, 265.257, 326.242
18.2395, 176.28, 54.7198, 121.576, 178.356, 52.6437, 265.257, 326.242
18.2652, 176.28, 54.7198, 121.576, 178.356, 52.6437, 265.257, 326.242
18.2853, 176.28, 54.7198, 121.576, 178.356, 52.6437, 265.257, 326.242
18.3255, 177.724, 53.2764, 119.726, 178.356, 52.6437, 265.257, 328.23
18.3462, 179.147, 51.8531, 118.348, 178.356, 52.6437, 265.257, 330.07
18.4058, 179.147, 51.8531, 118.348, 178.356, 52.6437, 265.257, 330.07
18.4265, 179.147, 51.8531, 118.348, 178.356, 52.6437, 265.257, 330.07
18.4468, 179.147, 51.8531, 118.348, 178.356, 52.6437, 265.257, 330.07
18.4673, 179.147, 51.8531, 118.348, 178.356, 52.6437, 265.257, 330.07
18.6377, 179.147, 51.8531, 118.348, 178.356, 52.6437, 265.257, 330.07
18.745, 180.733, 50.2675, 117.048, 178.356, 52.6437, 265.257, 332.062
18.7843, 184.421, 46.5788, 112.6, 178.356, 52.6437, 265.257, 337.194
18.9335, 187.74, 43.2601, 107.074, 178.356, 52.6437, 265.257, 342.419
19.0364, 188.747, 42.2525, 103.254, 178.356, 52.6437, 265.257, 344.779
19.0857, 188.747, 42.2525, 103.254, 178.356, 52.6437, 265.257, 344.779
19.1357, 190.868, 40.1315, 98.7222, 178.356, 52.6437, 265.257, 348.624
19.1848, 190.868, 40.1315, 98.7222, 178.356, 52.6437, 265.257, 348.624
19.2447, 192.457, 38.5426, 95.0673, 178.356, 52.6437, 265.257, 351.674
19.3331, 189.716, 44.2844, 92.0901, 176.558, 57.442, 265.257, 355.112
19.3857, 194.586, 36.4144, 92.0901, 178.356, 52.6437, 265.257, 355.112
19.4885, 196.504, 34.4959, 89.8973, 178.356, 52.6437, 265.257, 358.079
19.541, 197.898, 33.1019, 88.4967, 178.356, 52.6437, 265.257, 360.191
19.5933, 198.389, 32.611, 88.1165, 178.356, 52.6437, 265.257, 360.894
19.6396, 193.742, 40.2577, 87.8079, 176.558, 57.442, 265.257, 361.398
19.6933, 199.015, 31.9848, 87.5932, 178.356, 52.6437, 265.257, 361.811
19.7369, 199.015, 31.9848, 87.5932, 178.356, 52.6437, 265.257, 361.811
19.8396, 199.366, 31.6338, 86.7264, 178.356, 52.6437, 265.257, 362.573
19.8886, 199.366, 31.6338, 86.7264, 178.356, 52.6437, 265.257, 362.573
19.937, 199.556, 31.4445, 86.0981, 178.356, 52.6437, 265.257, 363.055
19.9891, 199.556, 31.4445, 86.0981, 178.356, 52.6437, 265.257, 363.055
20.0381, 199.524, 31.4759, 85.0695, 178.356, 52.6437, 265.257, 363.466
20.0385, 199.524, 31.4759, 85.0695, 127.361, 103.639, 399.125, 557.323
20.094, 199.524, 31.4759, 85.0695, 178.356, 52.6437, 265.257, 363.466
20.0945, 199.524, 31.4759, 85.0695, 127.361, 103.639, 399.125, 557.323
20.1375, 199.382, 31.6184, 83.7682, 178.356, 52.6437, 265.257, 363.875
20.1378, 199.382, 31.6184, 83.7682, 126.587, 104.413, 400.662, 560.052
20.1887, 199.328, 31.6721, 83.0484, 178.356, 52.6437, 265.257, 364.133
20.1892, 199.328, 31.6721, 83.0484, 126.081, 104.919, 401.599, 561.722
20.2897, 199.221, 31.7789, 81.563, 178.356, 52.6437, 265.257, 364.676
20.29, 199.221, 31.7789, 81.563, 125.445, 105.555, 403.957, 565.723
20.3444, 199.213, 31.7873, 80.8384, 178.356, 52.6437, 265.257, 364.995
20.3449, 199.213, 31.7873, 80.8384, 125.217, 105.783, 405.341, 568.045
20.3915, 199.213, 31.7873, 80.8384, 178.356, 52.6437, 265.257, 364.995
20.3918, 199.213, 31.7873, 80.8384, 125.217, 105.783, 405.341, 568.045
20.4388, 199.381, 31.6189, 79.6005, 178.356, 52.6437, 265.257, 365.753
20.4391, 199.381, 31.6189, 79.6005, 125.77, 105.23, 407.562, 571.934
20.4916, 199.381, 31.6189, 79.6005, 178.356, 52.6437, 265.257, 365.753
20.492, 199.381, 31.6189, 79.6005, 125.77, 105.23, 407.562, 571.934
20.5495, 199.933, 31.0672, 78.4926, 178.356, 52.6437, 265.257, 366.904
20.5497, 199.933, 31.0672, 78.4926, 126.33, 104.67, 409.262, 575.48
20.5902, 200.397, 30.6028, 78.005, 178.356, 52.6437, 265.257, 367.672
20.5906, 200.397, 30.6028, 78.005, 123.952, 107.048, 413.768, 582.796
20.6388, 201.077, 29.923, 77.5022, 178.356, 52.6437, 265.257, 368.705
20.6392, 201.077, 29.923, 77.5022, 122.4, 108.6, 417.188, 588.781
20.7424, 201.632, 29.368, 78.1734, 178.356, 52.6437, 265.257, 369.033
20.7426, 201.632, 29.368, 78.1734, 121.08, 109.92, 420.073, 593.192
20.7899, 203.088, 27.9123, 77.3835, 178.356, 52.6437, 265.257, 371.135
20.7902, 203.088, 27.9123, 77.3835, 119.064, 111.936, 425.151, 602.624
20.8483, 203.276, 27.7241, 76.908, 178.356, 52.6437, 265.257, 371.594
20.8486, 203.276, 27.7241, 76.908, 118.388, 112.612, 427.327, 606.214
20.8961, 203.276, 27.7241, 76.908, 178.356, 52.6437, 265.257, 371.594
20.8964, 203.276, 27.7241, 76.908, 118.388, 112.612, 427.327, 606.214
20.9444, 204.542, 26.4579, 76.5373, 178.356, 52.6437, 265.257, 373.302
20.9446, 204.542, 26.4579, 76.5373, 117.229, 113.771, 431.157, 613.403
20.995, 206.882, 24.1178, 73.6722, 178.356, 52.6437, 265.257, 377.693
20.9954, 206.882, 24.1178, 73.6722, 116.852, 114.148, 432.514, 620.017
21.0966, 202.843, 31.1568, 71.8176, 176.558, 57.442, 265.257, 380.507
21.0969, 202.843, 31.1568, 71.8176, 117.678, 116.322, 433.585, 624.544
21.1506, 209.909, 21.0905, 69.2629, 178.356, 52.6437, 265.257, 384.23
21.151, 209.909, 21.0905, 69.2629, 116.399, 114.601, 436.076, 632.037
21.1952, 210.414, 20.5862, 68.2755, 178.356, 52.6437, 265.257, 385.56
21.1957, 210.414, 20.5862, 68.2755, 116.249, 114.751, 437.137, 634.967
21.245, 210.926, 20.0744, 67.4584, 178.356, 52.6437, 265.257, 386.824
21.2454, 210.926, 20.0744, 67.4584, 116.24, 114.76, 438.176, 637.774
21.2964, 211.376, 19.6239, 66.788, 178.356, 52.6437, 265.257, 387.931
21.2967, 211.376, 19.6239, 66.788, 116.131, 114.869, 439.223, 640.432
21.3447, 211.767, 19.2329, 66.2332, 178.356, 52.6437, 265.257, 388.897
21.3452, 211.767, 19.2329, 66.2332, 115.936, 115.064, 440.035, 642.615
21.4102, 212.117, 18.8831, 65.8058, 178.356, 52.6437, 265.257, 389.728
21.4106, 212.117, 18.8831, 65.8058, 115.668, 115.332, 440.911, 644.747
21.4487, 212.117, 18.8831, 65.8058, 178.356, 52.6437, 265.257, 389.728
21.4491, 212.117, 18.8831, 65.8058, 115.668, 115.332, 440.911, 644.747
21.4938, 212.619, 18.3806, 65.1813, 178.356, 52.6437, 265.257, 390.96
21.4941, 212.619, 18.3806, 65.1813, 122.188, 108.812, 438.363, 641.914
21.5541, 212.619, 18.3806, 65.1813, 178.356, 52.6437, 265.257, 390.96
21.5544, 212.619, 18.3806, 65.1813, 122.188, 108.812, 438.363, 641.914
21.5963, 212.811, 18.1886, 64.7687, 178.356, 52.6437, 265.257, 391.58
21.5967, 212.811, 18.1886, 64.7687, 118.768, 112.232, 441.575, 647.392
21.6543, 212.811, 18.1886, 64.7687, 178.356, 52.6437, 265.257, 391.58
21.6545, 212.811, 18.1886, 64.7687, 118.768, 112.232, 441.575, 647.392
21.7103, 213.149, 17.8514, 64.7376, 178.356, 52.6437, 265.257, 392.128
21.7106, 213.149, 17.8514, 64.7376, 115.819, 115.181, 444.979, 652.97
21.7514, 213.149, 17.8514, 64.7376, 178.356, 52.6437, 265.257, 392.128
21.7518, 213.149, 17.8514, 64.7376, 115.819, 115.181, 444.979, 652.97
21.7994, 213.672, 17.3281, 64.9034, 178.356, 52.6437, 265.257, 392.813
21.7998, 213.672, 17.3281, 64.9034, 113.639, 117.361, 448.052, 658.134
21.8615, 213.672, 17.3281, 64.9034, 178.356, 52.6437, 265.257, 392.813
21.8624, 213.672, 17.3281, 64.9034, 113.639, 117.361, 448.052, 658.134
