0.000158072, 114.15, 116.85, 398.037, 220.308, 10.6918, 111.934, 344.52
0.0529845, 114.15, 116.85, 398.037, 220.308, 10.6918, 111.934, 344.52
0.0959346, 114.407, 116.593, 397.511, 220.117, 10.8835, 113.135, 342.928
0.195821, 115.106, 115.894, 396.805, 219.917, 11.0831, 114.509, 341.095
0.246686, 115.106, 115.894, 396.805, 219.917, 11.0831, 114.509, 341.095
0.412346, 116.168, 114.832, 394.339, 219.59, 11.4099, 117.325, 336.279
0.445141, 116.978, 114.022, 392.523, 219.726, 11.2744, 119.083, 332.84
0.49751, 116.978, 114.022, 392.523, 219.726, 11.2744, 119.083, 332.84
0.550035, 117.439, 113.561, 391.467, 219.866, 11.1345, 119.83, 331.085
0.603501, 117.847, 113.153, 390.295, 220.094, 10.9065, 120.431, 329.289
0.702764, 118.823, 112.177, 386.963, 220.845, 10.1549, 121.723, 324.517
0.750408, 118.823, 112.177, 386.963, 220.845, 10.1549, 121.723, 324.517
0.805391, 119.301, 111.699, 385.217, 221.779, 9.22058, 121.838, 322.167
0.856727, 119.301, 111.699, 385.217, 221.779, 9.22058, 121.838, 322.167
0.903322, 119.56, 111.44, 383.374, 222.727, 8.27318, 122.004, 319.639
0.999134, 119.66, 111.34, 381.614, 223.692, 7.30844, 122.349, 317.021
1.05523, 119.66, 111.34, 381.614, 223.692, 7.30844, 122.349, 317.021
1.09966, 119.753, 111.247, 379.78, 224.485, 6.51531, 123.033, 314.19
1.15238, 119.753, 111.247, 379.78, 224.485, 6.51531, 123.033, 314.19
1.20331, 119.806, 111.194, 378.847, 224.767, 6.23278, 123.586, 312.676
1.25517, 119.93, 111.07, 376.912, 225.276, 5.72402, 124.943, 309.458
1.31711, 119.895, 111.105, 376.122, 225.559, 5.44057, 125.824, 307.849
1.34912, 119.895, 111.105, 376.122, 225.559, 5.44057, 125.824, 307.849
1.4548, 119.683, 111.317, 373.553, 224.973, 6.02673, 128.978, 303.268
1.50046, 119.507, 111.493, 372.661, 225.367, 5.63332, 129.158, 302.006
1.54972, 119.507, 111.493, 372.661, 225.367, 5.63332, 129.158, 302.006
1.60166, 119.284, 111.716, 370.654, 228.274, 2.72609, 131.291, 297.121
1.65699, 119.284, 111.716, 370.654, 228.274, 2.72609, 131.291, 297.121
1.70986, 119.336, 111.664, 368.157, 230.794, 0.205853, 133.702, 291.957
1.7546, 119.547, 111.453, 366.525, 229.904, 1.09601, 134.737, 289.5
1.80211, 119.547, 111.453, 366.525, 229.904, 1.09601, 134.737, 289.5
1.90706, 120.456, 110.544, 361.427, 228.16, 2.83968, 136.768, 283.18
1.95886, 120.456, 110.544, 361.427, 228.16, 2.83968, 136.768, 283.18
2.00558, 121.191, 109.809, 357.985, 227.679, 3.32108, 137.769, 279.493
2.0565, 121.191, 109.809, 357.985, 227.679, 3.32108, 137.769, 279.493
2.10444, 121.757, 109.243, 354.862, 227.724, 3.2762, 138.817, 276.229
2.15848, 121.979, 109.021, 353.457, 227.828, 3.17189, 139.33, 274.765
2.20272, 121.979, 109.021, 353.457, 227.828, 3.17189, 139.33, 274.765
2.25991, 122.338, 108.662, 350.882, 228.14, 2.86015, 140.447, 272.03
2.30753, 122.545, 108.455, 349.799, 228.231, 2.76863, 140.927, 270.895
2.40369, 116.721, 108.279, 348.053, 222.288, 2.71242, 141.897, 268.894
2.45887, 122.721, 108.279, 348.053, 228.288, 2.71242, 141.897, 268.894
2.51199, 122.789, 108.211, 347.275, 228.172, 2.82772, 142.423, 267.924
2.55721, 122.891, 108.109, 345.937, 227.787, 3.21328, 143.403, 266.184
2.60911, 122.891, 108.109, 345.937, 227.787, 3.21328, 143.403, 266.184
2.65894, 123.24, 107.76, 344.855, 227.301, 3.69928, 144.383, 264.798
2.70633, 123.517, 107.483, 344.413, 227.002, 3.99759, 144.809, 264.269
2.76033, 123.517, 107.483, 344.413, 227.002, 3.99759, 144.809, 264.269
2.80584, 124.291, 106.709, 343.083, 226.406, 4.59361, 145.597, 262.944
2.86195, 124.684, 106.316, 342.306, 226.053, 4.94728, 145.954, 262.196
2.90806, 125.149, 105.851, 341.588, 225.726, 5.27439, 146.389, 261.523
2.96837, 125.622, 105.378, 340.868, 227.174, 3.82649, 146.988, 261.178
3.06238, 126.514, 104.486, 339.354, 227.04, 3.96013, 148.093, 259.799
3.11109, 126.514, 104.486, 339.354, 227.04, 3.96013, 148.093, 259.799
3.16036, 126.514, 104.486, 339.354, 227.04, 3.96013, 148.093, 259.799
3.20892, 127.817, 103.183, 337.492, 225.662, 5.33812, 151.008, 257.577
3.26806, 128.134, 102.866, 336.822, 225.224, 5.77628, 152.199, 256.726
3.31316, 128.319, 102.681, 336.101, 224.798, 6.20163, 153.391, 255.793
3.36436, 128.319, 102.681, 336.101, 224.798, 6.20163, 153.391, 255.793
3.42028, 128.809, 102.191, 334.296, 224.075, 6.92539, 155.746, 253.779
3.46196, 128.49, 105.51, 333.108, 219.877, 14.1232, 156.842, 252.631
3.56868, 129.496, 101.504, 331.855, 223.499, 7.50092, 157.888, 251.495
3.6168, 130.322, 100.678, 329.046, 223.295, 7.70518, 159.621, 249.19
3.66611, 129.6, 101.4, 328.489, 223.164, 7.83647, 160.239, 248.179
3.71581, 129.6, 101.4, 328.489, 223.164, 7.83647, 160.239, 248.179
3.77269, 128.755, 102.245, 326.819, 223.385, 7.6147, 161.361, 246.088
3.82011, 128.755, 102.245, 326.819, 223.385, 7.6147, 161.361, 246.088
3.86855, 129.901, 101.099, 321.401, 223.565, 7.43534, 162.196, 242.02
3.91561, 129.901, 101.099, 321.401, 223.565, 7.43534, 162.196, 242.02
3.96622, 132.086, 98.9143, 316, 223.561, 7.43908, 162.744, 238.723
4.02291, 132.086, 98.9143, 316, 223.561, 7.43908, 162.744, 238.723
4.07189, 133.773, 97.2269, 312.479, 223.419, 7.58062, 162.771, 236.817
4.16674, 134.642, 96.3577, 310.959, 223.338, 7.66245, 162.754, 236.098
4.22565, 136.011, 94.9889, 308.696, 223.13, 7.87023, 162.805, 235.088
4.28248, 136.011, 94.9889, 308.696, 223.13, 7.87023, 162.805, 235.088
4.32089, 136.552, 94.4479, 307.976, 222.908, 8.09196, 162.726, 234.838
4.36823, 137.398, 93.6017, 307.104, 222.593, 8.40668, 162.836, 234.659
4.47023, 137.734, 93.266, 306.806, 222.236, 8.76413, 162.79, 234.629
4.51783, 137.974, 93.0264, 306.743, 221.965, 9.03482, 162.872, 234.73
4.56444, 138.245, 92.7552, 306.755, 221.47, 9.53037, 163.206, 234.912
4.66994, 138.305, 92.6953, 306.864, 221.255, 9.74511, 163.466, 235.04
4.71902, 138.319, 92.6811, 306.996, 220.83, 10.1704, 163.992, 235.161
4.769, 138.319, 92.6811, 306.996, 220.83, 10.1704, 163.992, 235.161
4.81807, 138.015, 92.9847, 307.058, 220.309, 10.6914, 164.642, 235.026
4.86825, 136.865, 97.1348, 307.12, 216.296, 17.7035, 164.966, 235.038
4.92558, 137.813, 93.1867, 307.132, 219.845, 11.1548, 165.479, 234.977
4.971, 137.813, 93.1867, 307.132, 219.845, 11.1548, 165.479, 234.977
5.01952, 137.57, 93.4299, 307.57, 219.536, 11.4643, 166.634, 235.207
5.17456, 136.201, 97.7991, 307.432, 215.176, 18.8236, 168.817, 235.021
5.29047, 137.194, 93.806, 307.075, 218.116, 12.8839, 170.782, 234.851
5.32027, 137.143, 93.8568, 306.887, 217.614, 13.3862, 171.986, 234.799
5.41995, 137.117, 93.8834, 306.567, 217.212, 13.7877, 173.171, 234.677
5.4729, 137.177, 93.8228, 305.761, 216.748, 14.2522, 175.793, 234.463
5.52425, 137.177, 93.8228, 305.761, 216.748, 14.2522, 175.793, 234.463
5.56945, 137.068, 93.9324, 304.935, 216.469, 14.5314, 177.673, 234.069
5.6261, 137.068, 93.9324, 304.935, 216.469, 14.5314, 177.673, 234.069
5.67901, 136.956, 94.0438, 303.815, 216.232, 14.7678, 178.816, 233.372
5.72689, 136.902, 94.0975, 303.19, 216.14, 14.8602, 179.294, 232.968
5.77035, 136.938, 94.0621, 302.445, 216.064, 14.9359, 179.73, 232.539
5.82112, 136.938, 94.0621, 302.445, 216.064, 14.9359, 179.73, 232.539
5.87147, 137.113, 93.8871, 300.414, 215.953, 15.0471, 180.505, 231.365
5.92232, 137.113, 93.8871, 300.414, 215.953, 15.0471, 180.505, 231.365
5.97693, 137.548, 93.4524, 297.867, 215.915, 15.0851, 181.235, 230.036
6.02273, 137.831, 93.1689, 296.477, 215.915, 15.0851, 181.235, 229.268
6.12505, 138.572, 92.4278, 292.823, 215.915, 15.0851, 181.235, 227.273
6.18163, 138.572, 92.4278, 292.823, 215.915, 15.0851, 181.235, 227.273
6.22676, 139.579, 91.4212, 289.062, 215.915, 15.0851, 181.235, 225.454
6.27592, 140.206, 90.7938, 287.143, 215.915, 15.0851, 181.235, 224.633
6.3276, 140.844, 90.1562, 285.347, 215.915, 15.0851, 181.235, 223.917
6.37348, 141.556, 89.444, 283.564, 215.915, 15.0851, 181.235, 223.282
6.43159, 142.263, 88.7372, 281.838, 215.915, 15.0851, 181.235, 222.693
6.48357, 142.84, 88.1604, 280.369, 215.915, 15.0851, 181.235, 222.182
6.5226, 143.298, 87.7021, 279.079, 215.915, 15.0851, 181.235, 221.702
6.58, 143.298, 87.7021, 279.079, 215.915, 15.0851, 181.235, 221.702
6.6261, 143.677, 87.323, 277.556, 215.915, 15.0851, 181.235, 221.016
6.67767, 143.789, 87.2113, 276.912, 215.915, 15.0851, 181.235, 220.689
6.73064, 143.789, 87.2113, 276.912, 215.915, 15.0851, 181.235, 220.689
6.7756, 144.023, 86.9775, 276.36, 215.915, 15.0851, 181.235, 220.521
6.82466, 144.023, 86.9775, 276.36, 215.915, 15.0851, 181.235, 220.521
6.88021, 144.5, 86.5003, 275.732, 215.08, 15.9197, 189.136, 223.784
6.93596, 144.781, 86.2187, 275.313, 214.571, 16.4292, 189.47, 224.013
6.98709, 145.059, 85.9414, 274.998, 214.211, 16.7892, 190.072, 224.397
7.03217, 145.342, 85.6579, 274.606, 213.791, 17.2095, 190.826, 224.831
7.08435, 145.74, 85.2598, 274.25, 213.376, 17.6244, 191.756, 225.476
7.13259, 145.74, 85.2598, 274.25, 213.376, 17.6244, 191.756, 225.476
7.17998, 146.578, 84.4217, 273.247, 212.753, 18.2467, 193.82, 226.749
7.23448, 146.578, 84.4217, 273.247, 212.753, 18.2467, 193.82, 226.749
7.27845, 147.547, 83.4529, 272.015, 212.112, 18.8881, 196.191, 228.258
7.33183, 147.547, 83.4529, 272.015, 212.112, 18.8881, 196.191, 228.258
7.37864, 148.014, 82.9858, 271.419, 211.875, 19.1245, 197.36, 229.02
7.4316, 148.746, 82.2535, 270.255, 211.263, 19.7374, 199.67, 230.473
7.47755, 148.746, 82.2535, 270.255, 211.263, 19.7374, 199.67, 230.473
7.53533, 149.611, 81.3886, 268.591, 210.824, 20.1758, 201.456, 231.535
7.57821, 149.611, 81.3886, 268.591, 210.824, 20.1758, 201.456, 231.535
7.73384, 151.434, 79.5657, 263.542, 210.505, 20.4948, 203.298, 231.939
7.78121, 151.434, 79.5657, 263.542, 210.505, 20.4948, 203.298, 231.939
7.93501, 153.075, 77.9252, 258.52, 210.449, 20.5507, 203.513, 231.281
8.03596, 147.814, 83.1858, 253.028, 204.109, 26.8906, 203.305, 228.602
8.08759, 153.575, 77.425, 250.264, 209.858, 21.1416, 203.261, 228.169
8.13157, 148.534, 82.4661, 250.264, 203.898, 27.1018, 203.261, 228.169
8.18981, 149.096, 81.9042, 248.039, 203.674, 27.326, 203.194, 227.822
8.23582, 155.388, 75.6122, 244.345, 209.077, 21.9231, 203.354, 227.753
8.28503, 155.835, 75.165, 242.883, 208.752, 22.2478, 203.418, 227.748
8.38296, 156.285, 74.7155, 241.813, 208.354, 22.6465, 203.583, 228.004
8.43803, 151.783, 79.217, 240.2, 201.737, 29.2625, 204.128, 228.693
8.49057, 156.996, 74.0042, 240.2, 207.673, 23.3273, 204.128, 228.693
8.53513, 157.331, 73.6691, 239.411, 207.11, 23.8904, 204.896, 229.491
8.58356, 157.331, 73.6691, 239.411, 207.11, 23.8904, 204.896, 229.491
8.63801, 157.409, 73.5914, 238.513, 206.69, 24.3101, 205.873, 230.146
8.68265, 152.104, 78.8956, 238.101, 200.622, 30.3783, 206.471, 230.483
8.78871, 157.159, 73.8406, 236.934, 205.978, 25.0225, 207.824, 231.164
8.83497, 151.713, 79.2866, 236.459, 200.934, 30.0662, 208.631, 231.256
8.88824, 151.553, 79.4473, 235.831, 201.532, 29.4684, 209.365, 231.33
8.93525, 151.553, 79.4473, 235.831, 201.532, 29.4684, 209.365, 231.33
9.03785, 151.311, 79.6892, 234.207, 200.661, 30.339, 213.251, 234.195
9.08823, 156.626, 74.3739, 234.207, 206.431, 24.5692, 213.251, 234.195
9.18811, 156.483, 74.5165, 232.897, 205.539, 25.4612, 215.219, 235.669
9.2356, 151.067, 79.9331, 231.4, 199.381, 31.6191, 216.815, 236.764
9.3414, 156.411, 74.589, 230.561, 204.965, 26.0355, 217.488, 237.164
9.3883, 151.048, 79.9522, 229.72, 199.246, 31.754, 218.15, 237.585
9.48911, 156.536, 74.464, 227.576, 204.958, 26.042, 219.217, 238.111
9.54077, 151.232, 79.7676, 226.545, 199.343, 31.6566, 219.598, 238.344
9.5936, 151.92, 79.0795, 224.233, 199.547, 31.4527, 220.313, 239.129
9.69261, 152.303, 78.6971, 223.099, 199.694, 31.3057, 220.666, 239.559
9.74583, 152.654, 78.3456, 221.975, 199.917, 31.0834, 221.105, 240.025
9.79196, 158.678, 72.3219, 220.381, 205.687, 25.3128, 221.593, 240.606
9.84472, 153.126, 77.8738, 220.381, 200.066, 30.9337, 221.593, 240.606
9.99857, 159.541, 71.4587, 219.335, 205.51, 25.4898, 222.382, 242.072
10.0408, 153.971, 77.0286, 219.335, 199.904, 31.0961, 222.382, 242.072
10.0973, 154.045, 76.955, 219.2, 199.52, 31.4798, 222.97, 242.833
10.1453, 159.617, 71.3829, 219.2, 205.115, 25.8852, 222.97, 242.833
10.1917, 159.678, 71.3222, 219.349, 204.913, 26.0867, 223.353, 243.364
10.2415, 154.224, 76.7757, 219.718, 199.25, 31.7504, 223.68, 243.889
10.3, 159.788, 71.2124, 219.718, 204.831, 26.1692, 223.68, 243.889
10.3469, 154.243, 76.7567, 220.072, 199.297, 31.7026, 223.869, 244.137
10.4058, 159.814, 71.1856, 220.908, 204.744, 26.2558, 224.107, 244.585
10.4451, 154.271, 76.7286, 220.908, 199.171, 31.8291, 224.107, 244.585
10.4948, 154.402, 76.5981, 221.306, 199.216, 31.7839, 223.853, 244.519
10.5446, 154.402, 76.5981, 221.306, 199.216, 31.7839, 223.853, 244.519
10.6002, 154.509, 76.4914, 221.309, 199.272, 31.7276, 223.703, 244.458
10.6435, 155.037, 75.9634, 220.991, 199.329, 31.6707, 223.299, 244.506
10.6965, 160.852, 70.1478, 220.799, 204.88, 26.1197, 223.06, 244.519
10.7457, 155.307, 75.6928, 220.799, 199.288, 31.7119, 223.06, 244.519
10.8027, 161.446, 69.5538, 220.257, 204.925, 26.0747, 222.781, 244.709
10.8518, 161.446, 69.5538, 220.257, 204.925, 26.0747, 222.781, 244.709
10.9504, 156.235, 74.7653, 219.186, 199.343, 31.6569, 222.557, 244.636
11.1647, 161.26, 69.7397, 217.896, 204.957, 26.0434, 222.332, 243.634
11.1979, 160.499, 70.5013, 217.788, 204.986, 26.0141, 222.391, 242.915
11.2486, 160.499, 70.5013, 217.788, 204.986, 26.0141, 222.391, 242.915
11.2991, 159.701, 71.2995, 217.929, 205.01, 25.9895, 222.462, 242.217
11.3464, 159.701, 71.2995, 217.929, 205.01, 25.9895, 222.462, 242.217
11.4092, 159.29, 71.7099, 218.04, 205.03, 25.9701, 222.536, 241.9
11.4586, 158.532, 72.4677, 218.211, 205.051, 25.9485, 222.654, 241.295
11.5019, 158.532, 72.4677, 218.211, 205.051, 25.9485, 222.654, 241.295
11.5996, 157.707, 73.2935, 218.846, 205.241, 25.7585, 222.942, 240.816
11.6559, 157.707, 73.2935, 218.846, 205.241, 25.7585, 222.942, 240.816
11.7017, 157.413, 73.5874, 219.094, 205.191, 25.8085, 222.93, 240.579
11.7526, 157.264, 73.736, 219.225, 205.178, 25.8223, 222.962, 240.494
11.8603, 156.992, 74.0076, 219.532, 205.234, 25.7664, 223.156, 240.456
12.0526, 156.79, 74.2095, 220.002, 205.313, 25.6873, 223.537, 240.689
12.1104, 156.792, 74.2075, 220.095, 205.391, 25.6089, 223.71, 240.849
12.1508, 156.792, 74.2075, 220.095, 205.391, 25.6089, 223.71, 240.849
12.2014, 156.734, 74.2663, 220.276, 205.363, 25.6365, 223.759, 240.884
12.304, 156.618, 74.382, 220.314, 205.285, 25.7147, 223.884, 240.926
12.4561, 156.528, 74.4716, 220.367, 205.205, 25.7953, 224.489, 241.465
12.5171, 156.423, 74.5772, 220.328, 205.256, 25.7441, 224.722, 241.563
12.5575, 156.423, 74.5772, 220.328, 205.256, 25.7441, 224.722, 241.563
12.6526, 156.313, 74.6873, 220.285, 205.393, 25.6071, 225.259, 241.923
12.7087, 156.116, 74.8845, 220.254, 205.489, 25.5108, 225.968, 242.383
12.8029, 155.858, 75.1419, 220.368, 205.412, 25.5883, 227.228, 243.416
12.8556, 155.858, 75.1419, 220.368, 205.412, 25.5883, 227.228, 243.416
12.9621, 155.376, 75.6242, 220.358, 204.853, 26.1471, 230.423, 246.303
13.0068, 155.376, 75.6242, 220.358, 204.853, 26.1471, 230.423, 246.303
13.0598, 154.995, 76.0054, 219.885, 204.456, 26.5442, 233.549, 249.134
13.1074, 154.858, 76.1424, 219.522, 204.212, 26.7883, 235.365, 250.877
13.1661, 154.858, 76.1424, 219.522, 204.212, 26.7883, 235.365, 250.877
13.2055, 154.609, 76.3913, 218, 203.566, 27.4335, 238.708, 254.101
13.2633, 154.572, 76.4284, 216.914, 203.303, 27.6972, 240.268, 255.66
13.312, 154.638, 76.3621, 215.684, 202.971, 28.0288, 241.663, 257.183
13.3638, 154.638, 76.3621, 215.684, 202.971, 28.0288, 241.663, 257.183
13.4067, 154.695, 76.3053, 213.11, 202.447, 28.5528, 243.895, 259.571
13.4696, 154.844, 76.156, 211.752, 202.232, 28.7685, 244.705, 260.565
13.5596, 154.956, 76.0442, 210.379, 202.122, 28.8778, 245.54, 261.527
13.615, 155.279, 75.7209, 207.5, 201.578, 29.4216, 246.597, 263.038
13.7113, 155.449, 75.5505, 206.234, 201.244, 29.7557, 247.194, 263.929
13.7661, 155.771, 75.2287, 203.859, 200.705, 30.2953, 248.408, 265.711
13.8095, 155.771, 75.2287, 203.859, 200.705, 30.2953, 248.408, 265.711
13.8653, 156.012, 74.988, 202.829, 200.529, 30.4711, 248.936, 266.581
13.9101, 156.012, 74.988, 202.829, 200.529, 30.4711, 248.936, 266.581
14.066, 159.133, 71.8667, 198.792, 200.035, 30.965, 251.335, 272.554
14.1625, 160.534, 70.4661, 197.157, 199.799, 31.2008, 252.761, 275.684
14.2624, 162.008, 68.9919, 195.296, 199.501, 31.499, 254.581, 279.402
14.3248, 156.026, 74.9736, 195.296, 194.474, 36.5255, 254.581, 279.402
14.366, 157.614, 73.3856, 192.816, 193.945, 37.0554, 257.019, 284.163
14.4138, 158.575, 72.4251, 191.212, 193.479, 37.5213, 258.524, 287.173
14.4649, 159.577, 71.4232, 189.478, 193.479, 37.5213, 258.524, 288.294
14.5193, 159.577, 71.4232, 189.478, 193.479, 37.5213, 258.524, 288.294
14.5659, 167.79, 63.21, 185.178, 198.434, 32.5661, 258.524, 290.689
14.6115, 161.631, 69.3685, 185.178, 193.479, 37.5213, 258.524, 290.689
14.6695, 163.332, 67.6679, 180.554, 193.479, 37.5213, 258.524, 292.827
14.7165, 164.246, 66.7543, 178.152, 193.479, 37.5213, 258.524, 293.996
14.766, 164.246, 66.7543, 178.152, 193.479, 37.5213, 258.524, 293.996
14.8733, 167.467, 63.5329, 171.872, 193.479, 37.5213, 258.524, 297.984
14.9193, 168.555, 62.4451, 170.113, 193.479, 37.5213, 258.524, 299.312
14.9684, 174.981, 56.019, 170.113, 198.434, 32.5661, 258.524, 299.312
15.0132, 170.068, 60.9315, 167.668, 193.479, 37.5213, 258.524, 301.178
15.067, 170.628, 60.3716, 166.706, 193.479, 37.5213, 258.524, 301.883
15.1151, 170.628, 60.3716, 166.706, 193.479, 37.5213, 258.524, 301.883
15.1654, 171.474, 59.5263, 165.26, 193.479, 37.5213, 258.524, 302.952
15.2145, 177.989, 53.011, 165.26, 198.434, 32.5661, 258.524, 302.952
15.2644, 172.046, 58.9537, 164.026, 193.479, 37.5213, 258.524, 303.72
15.3171, 172.046, 58.9537, 164.026, 193.479, 37.5213, 258.524, 303.72
15.3754, 172.403, 58.5967, 162.789, 193.479, 37.5213, 258.524, 304.277
15.4192, 172.403, 58.5967, 162.789, 193.479, 37.5213, 258.524, 304.277
15.5197, 172.403, 58.5967, 162.789, 193.479, 37.5213, 258.524, 304.277
15.6175, 178.963, 52.0368, 162.789, 198.434, 32.5661, 258.524, 304.277
15.6384, 172.403, 58.5967, 162.789, 193.479, 37.5213, 258.524, 304.277
15.7209, 173.626, 57.3737, 154.093, 193.479, 37.5213, 258.524, 307.034
15.7681, 173.39, 57.6099, 151.936, 193.479, 37.5213, 258.524, 307.211
15.8198, 173.39, 57.6099, 151.936, 193.479, 37.5213, 258.524, 307.211
15.8692, 172.962, 58.0381, 149.946, 193.479, 37.5213, 258.524, 307.175
15.9184, 179.745, 51.2549, 149.946, 198.434, 32.5661, 258.524, 307.175
15.9675, 172.875, 58.1251, 147.866, 193.479, 37.5213, 258.524, 307.516
16.0744, 173.094, 57.9055, 146.616, 193.479, 37.5213, 258.524, 308.002
16.1184, 173.816, 57.1843, 143.52, 193.479, 37.5213, 258.524, 309.408
16.1705, 173.816, 57.1843, 143.52, 193.479, 37.5213, 258.524, 309.408
16.2245, 174.706, 56.2936, 139.925, 193.479, 37.5213, 258.524, 311.133
16.3237, 175.194, 55.8057, 138.108, 193.479, 37.5213, 258.524, 312.061
16.3714, 176.158, 54.8422, 134.647, 193.479, 37.5213, 258.524, 313.892
16.4304, 176.158, 54.8422, 134.647, 193.479, 37.5213, 258.524, 313.892
16.5392, 177.344, 53.6557, 130.299, 193.479, 37.5213, 258.524, 316.228
16.6733, 185.351, 45.6488, 127.72, 198.434, 32.5661, 258.524, 317.764
16.7216, 185.627, 45.3726, 127.245, 198.434, 32.5661, 258.524, 318.168
16.7734, 178.432, 52.5678, 127.245, 193.479, 37.5213, 258.524, 318.168
16.8307, 186.23, 44.7695, 126.553, 198.434, 32.5661, 258.524, 318.963
16.8719, 186.23, 44.7695, 126.553, 198.434, 32.5661, 258.524, 318.963
16.9251, 179.671, 51.3291, 126.167, 193.479, 37.5213, 258.524, 319.738
17.022, 180.399, 50.601, 125.719, 193.479, 37.5213, 258.524, 320.613
17.0731, 180.783, 50.2165, 125.401, 193.479, 37.5213, 258.524, 321.098
17.1307, 180.783, 50.2165, 125.401, 193.479, 37.5213, 258.524, 321.098
17.1752, 181.604, 49.3962, 124.649, 193.479, 37.5213, 258.524, 322.159
17.2228, 181.604, 49.3962, 124.649, 193.479, 37.5213, 258.524, 322.159
17.2741, 182.037, 48.9633, 124.257, 193.479, 37.5213, 258.524, 322.718
17.3748, 182.953, 48.0475, 123.197, 193.479, 37.5213, 258.524, 323.973
17.4399, 183.808, 47.1918, 121.874, 193.479, 37.5213, 258.524, 325.25
17.4741, 184.136, 46.8636, 121.011, 193.479, 37.5213, 258.524, 325.849
17.5842, 184.816, 46.1841, 118.908, 193.479, 37.5213, 258.524, 327.194
17.6263, 185.159, 45.8412, 117.698, 193.479, 37.5213, 258.524, 327.926
17.6812, 185.594, 45.4058, 116.407, 193.479, 37.5213, 258.524, 328.787
17.7296, 193.014, 37.9863, 116.407, 198.434, 32.5661, 258.524, 328.787
17.7781, 193.476, 37.5236, 115.074, 198.434, 32.5661, 258.524, 329.669
17.8269, 186.511, 44.4889, 113.665, 193.479, 37.5213, 258.524, 330.63
17.8757, 187.151, 43.8495, 112.303, 193.479, 37.5213, 258.524, 331.753
17.9346, 187.023, 43.9772, 109.227, 193.479, 37.5213, 258.524, 332.651
17.9773, 187.023, 43.9772, 109.227, 193.479, 37.5213, 258.524, 332.651
18.0267, 196.718, 34.2818, 105.642, 198.434, 32.5661, 258.524, 336.101
18.0847, 189.083, 41.9174, 105.642, 193.479, 37.5213, 258.524, 336.101
18.1298, 189.878, 41.1223, 102.556, 193.479, 37.5213, 258.524, 338.079
18.1776, 189.878, 41.1223, 102.556, 193.479, 37.5213, 258.524, 338.079
18.2318, 190.542, 40.4578, 99.9546, 193.479, 37.5213, 258.524, 339.775
18.2815, 190.542, 40.4578, 99.9546, 193.479, 37.5213, 258.524, 339.775
18.3352, 191.138, 39.8616, 97.8818, 193.479, 37.5213, 258.524, 341.225
18.3791, 191.138, 39.8616, 97.8818, 193.479, 37.5213, 258.524, 341.225
18.4301, 191.211, 39.7891, 97.1319, 193.479, 37.5213, 258.524, 341.598
18.4801, 199.005, 31.9953, 96.4916, 198.434, 32.5661, 258.524, 341.82
18.5294, 191.184, 39.8165, 96.4916, 193.479, 37.5213, 258.524, 341.82
18.5808, 198.948, 32.0518, 95.1596, 198.434, 32.5661, 258.524, 342.261
18.6314, 191.135, 39.8647, 93.6643, 193.479, 37.5213, 258.524, 342.901
18.6866, 199.01, 31.9903, 93.6643, 198.434, 32.5661, 258.524, 342.901
18.7843, 199.408, 31.5918, 91.4563, 198.434, 32.5661, 258.524, 344.203
18.8821, 191.581, 39.4188, 90.7341, 193.479, 37.5213, 258.524, 344.608
18.9397, 191.464, 39.5355, 89.1839, 193.479, 37.5213, 258.524, 345.134
18.9906, 199.346, 31.6537, 88.4049, 198.434, 32.5661, 258.524, 345.36
19.0318, 191.355, 39.6455, 87.7145, 193.479, 37.5213, 258.524, 345.642
19.0862, 199.345, 31.6552, 87.7145, 198.434, 32.5661, 258.524, 345.642
19.1915, 191.436, 39.5643, 86.2649, 193.479, 37.5213, 258.524, 346.366
19.2881, 191.872, 39.1281, 84.4968, 193.479, 37.5213, 258.524, 347.649
19.3375, 192.129, 38.8705, 83.5501, 193.479, 37.5213, 258.524, 348.372
19.3866, 200.741, 30.2585, 81.7623, 198.434, 32.5661, 258.524, 349.765
19.4857, 193.047, 37.9531, 81.21, 193.479, 37.5213, 258.524, 350.518
19.5389, 201.282, 29.7181, 80.7554, 198.434, 32.5661, 258.524, 350.838
19.5909, 201.787, 29.2129, 80.6497, 198.434, 32.5661, 258.524, 351.47
19.6352, 194.496, 36.5037, 77.9967, 193.479, 37.5213, 258.524, 353.786
19.6949, 195.916, 35.0842, 74.43, 193.479, 37.5213, 258.524, 357.349
19.7353, 204.834, 26.1659, 72.9994, 198.434, 32.5661, 258.524, 358.834
19.7857, 205.471, 25.5293, 71.8046, 198.434, 32.5661, 258.524, 360.263
19.8387, 197.716, 33.2844, 70.8645, 193.479, 37.5213, 258.524, 361.61
19.8876, 206.13, 24.8699, 70.8645, 198.434, 32.5661, 258.524, 361.61
19.9417, 207.209, 23.7911, 69.2569, 198.434, 32.5661, 258.524, 363.917
19.9928, 207.683, 23.3174, 68.6623, 198.434, 32.5661, 258.524, 364.892
20.0441, 207.683, 23.3174, 68.6623, 198.434, 32.5661, 258.524, 364.892
20.0878, 208.071, 22.9295, 68.1904, 198.434, 32.5661, 258.524, 365.693
20.1416, 208.406, 22.594, 67.8382, 198.434, 32.5661, 258.524, 366.36
20.1914, 208.619, 22.3805, 67.5693, 198.434, 32.5661, 258.524, 366.816
20.2473, 208.736, 22.2642, 67.3707, 198.434, 32.5661, 258.524, 367.1
20.2925, 208.809, 22.1907, 67.2802, 198.434, 32.5661, 258.524, 367.257
20.3452, 209.251, 21.7485, 67.3972, 198.434, 32.5661, 258.524, 367.788
20.3899, 209.566, 21.4337, 67.468, 198.434, 32.5661, 258.524, 368.176
20.4409, 201.013, 29.9875, 67.468, 193.479, 37.5213, 258.524, 368.176
20.604, 211.065, 19.9348, 67.7192, 198.434, 32.5661, 258.524, 370.099
20.6426, 211.626, 19.374, 67.7161, 198.434, 32.5661, 258.524, 370.895
20.6981, 212.851, 18.1493, 67.7609, 198.434, 32.5661, 258.524, 372.626
20.7398, 212.851, 18.1493, 67.7609, 198.434, 32.5661, 258.524, 372.626
20.8403, 214.147, 16.8528, 67.684, 198.434, 32.5661, 258.524, 374.594
20.8987, 209.964, 24.0365, 67.5303, 196.479, 37.5213, 258.524, 377.003
20.9437, 215.649, 15.3507, 67.5303, 198.434, 32.5661, 258.524, 377.003
20.9942, 215.649, 15.3507, 67.5303, 198.434, 32.5661, 258.524, 377.003
21.0415, 217.584, 13.4157, 67.4754, 198.434, 32.5661, 258.524, 380.143
21.0908, 219.568, 11.4319, 67.5612, 198.434, 32.5661, 258.524, 383.44
21.142, 219.568, 11.4319, 67.5612, 198.434, 32.5661, 258.524, 383.44
21.1976, 218.103, 12.8975, 64.9013, 198.434, 32.5661, 258.524, 383.515
21.2545, 220.097, 10.9031, 65.5801, 198.434, 32.5661, 258.524, 386.57
21.2947, 220.097, 10.9031, 65.5801, 198.434, 32.5661, 258.524, 386.57
21.3456, 223.116, 7.88361, 66.8602, 198.434, 32.5661, 258.524, 391.308
21.3936, 224.358, 6.6419, 67.4945, 198.434, 32.5661, 258.524, 393.276
21.445, 224.358, 6.6419, 67.4945, 198.434, 32.5661, 258.524, 393.276
21.4952, 225.333, 5.66718, 67.993, 198.434, 32.5661, 258.524, 394.907
21.543, 227.071, 3.9293, 69.119, 198.434, 32.5661, 258.524, 397.564
21.5955, 227.071, 3.9293, 69.119, 198.434, 32.5661, 258.524, 397.564
21.6522, 227.641, 3.35865, 69.5007, 198.434, 32.5661, 258.524, 398.463
21.696, 228.179, 2.82121, 69.9058, 198.434, 32.5661, 258.524, 399.226
21.7435, 228.905, 2.09517, 70.4423, 198.434, 32.5661, 258.524, 400.315
21.7949, 228.905, 2.09517, 70.4423, 198.434, 32.5661, 258.524, 400.315
21.8446, 229.157, 1.84341, 70.6257, 198.434, 32.5661, 258.524, 400.71
21.8946, 229.387, 1.6126, 70.726, 198.434, 32.5661, 258.524, 401.274
21.9545, 229.387, 1.6126, 70.726, 198.434, 32.5661, 258.524, 401.274
21.996, 229.391, 1.60865, 70.6034, 198.434, 32.5661, 258.524, 401.663
22.0596, 229.351, 1.64883, 70.5008, 198.434, 32.5661, 258.524, 401.831
22.0983, 229.351, 1.64883, 70.5008, 198.434, 32.5661, 258.524, 401.831
22.1552, 229.278, 1.72198, 70.286, 198.434, 32.5661, 258.524, 402.261
22.2017, 229.278, 1.72198, 70.286, 198.434, 32.5661, 258.524, 402.261
22.2485, 229.265, 1.73504, 70.2045, 198.434, 32.5661, 258.524, 402.508
