0.000139236, 133.498, 97.5025, 372.684, 203.568, 27.4323, 111.883, 341.829
0.048094, 133.498, 97.5025, 372.684, 203.568, 27.4323, 111.883, 341.829
0.0935237, 133.459, 97.5411, 372.71, 203.784, 27.2156, 112.087, 341.181
0.142535, 133.509, 97.4912, 372.7, 204.126, 26.8741, 112.275, 340.359
0.192234, 133.762, 97.2375, 372.338, 204.204, 26.7959, 113.265, 338.392
0.248094, 133.762, 97.2375, 372.338, 204.204, 26.7959, 113.265, 338.392
0.292053, 133.968, 97.0322, 371.719, 204.255, 26.7445, 114.333, 336.152
0.350594, 133.968, 97.0322, 371.719, 204.255, 26.7445, 114.333, 336.152
0.404906, 133.737, 97.263, 371.031, 204.414, 26.5859, 115.224, 333.954
0.443982, 133.526, 97.4739, 370.652, 204.556, 26.4444, 115.527, 332.942
0.493983, 133.353, 97.6469, 370.185, 204.728, 26.2717, 115.747, 331.93
0.552019, 133.353, 97.6469, 370.185, 204.728, 26.2717, 115.747, 331.93
0.59762, 132.974, 98.0264, 368.568, 205.152, 25.8479, 115.837, 329.606
0.647378, 132.974, 98.0264, 368.568, 205.152, 25.8479, 115.837, 329.606
0.694128, 132.78, 98.2201, 367.495, 205.407, 25.5933, 115.788, 328.256
0.744815, 132.527, 98.4727, 365.108, 205.869, 25.1314, 115.652, 325.449
0.80271, 132.527, 98.4727, 365.108, 205.869, 25.1314, 115.652, 325.449
0.852847, 132.431, 98.5689, 362.454, 206.645, 24.3554, 115.229, 322.403
0.896337, 132.348, 98.6517, 361.114, 206.998, 24.0018, 115.091, 320.81
0.948715, 132.291, 98.7094, 359.886, 207.403, 23.5968, 114.903, 319.34
0.99505, 132.291, 98.7094, 359.886, 207.403, 23.5968, 114.903, 319.34
1.04855, 132.317, 98.6832, 357.515, 208.124, 22.8755, 114.729, 316.365
1.10667, 132.387, 98.6132, 356.553, 208.48, 22.5196, 114.682, 315.072
1.15481, 132.617, 98.3829, 355.728, 208.841, 22.1591, 114.67, 313.903
1.19976, 132.617, 98.3829, 355.728, 208.841, 22.1591, 114.67, 313.903
1.25051, 132.942, 98.0579, 354.37, 209.274, 21.7258, 115.088, 311.632
1.29736, 133.109, 97.8909, 353.82, 209.553, 21.4474, 115.23, 310.652
1.34812, 133.109, 97.8909, 353.82, 209.553, 21.4474, 115.23, 310.652
1.39817, 133.833, 97.1672, 352.566, 209.994, 21.0059, 115.814, 308.413
1.45518, 134.12, 96.8799, 351.92, 210.285, 20.7146, 116.105, 307.209
1.5111, 134.358, 96.6422, 351.365, 210.477, 20.5231, 116.553, 306.025
1.56362, 134.358, 96.6422, 351.365, 210.477, 20.5231, 116.553, 306.025
1.60243, 134.705, 96.2949, 350.75, 210.826, 20.1739, 116.921, 304.754
1.65126, 134.705, 96.2949, 350.75, 210.826, 20.1739, 116.921, 304.754
1.70751, 135.527, 95.4735, 349.771, 211.376, 19.6239, 117.977, 302.355
1.74918, 136.479, 94.5213, 348.441, 211.576, 19.4239, 118.482, 300.564
1.80468, 136.479, 94.5213, 348.441, 211.576, 19.4239, 118.482, 300.564
1.84957, 137.379, 93.621, 346.437, 213.789, 17.2109, 120.915, 294.769
1.90701, 137.379, 93.621, 346.437, 213.789, 17.2109, 120.915, 294.769
1.95572, 137.804, 93.1965, 345.217, 214.541, 16.4594, 121.771, 292.403
2.00546, 137.256, 93.7436, 344.936, 214.943, 16.0566, 122.7, 290.936
2.06115, 136.592, 94.4076, 344.009, 215.391, 15.6086, 124.306, 288.265
2.10151, 136.592, 94.4076, 344.009, 215.391, 15.6086, 124.306, 288.265
2.16259, 136.174, 94.8256, 342.571, 215.397, 15.6032, 125.506, 285.807
2.20814, 136.174, 94.8256, 342.571, 215.397, 15.6032, 125.506, 285.807
2.25501, 137.879, 93.121, 336.558, 215.459, 15.541, 126.287, 279.819
2.30445, 137.306, 96.6941, 336.558, 226.227, 7.77321, 126.287, 279.819
2.35639, 140.144, 90.8558, 331.837, 215.274, 15.7256, 127.122, 275.432
2.40955, 140.144, 90.8558, 331.837, 215.274, 15.7256, 127.122, 275.432
2.45944, 141.541, 89.4594, 329.513, 215.055, 15.9449, 127.826, 273.255
2.64515, 142.374, 88.6264, 327.981, 215.026, 15.9737, 128.876, 271.358
2.66469, 142.374, 88.6264, 327.981, 215.026, 15.9737, 128.876, 271.358
2.6838, 142.364, 88.6357, 327.64, 215.307, 15.6929, 129.142, 270.71
2.70285, 142.364, 88.6357, 327.64, 215.307, 15.6929, 129.142, 270.71
2.72388, 142.4, 88.6001, 327.343, 215.645, 15.3546, 129.459, 270.061
2.7565, 142.338, 88.662, 326.934, 215.854, 15.146, 129.952, 269.235
2.81003, 142.338, 88.662, 326.934, 215.854, 15.146, 129.952, 269.235
2.85924, 142.195, 88.8051, 326.517, 216.115, 14.8849, 130.494, 268.326
2.90464, 142.058, 88.9418, 326.11, 216.468, 14.5315, 131.129, 267.34
2.96614, 142, 88.9998, 325.838, 216.299, 14.7014, 131.627, 266.842
3.01078, 141.954, 89.0462, 325.476, 216.505, 14.4953, 132.357, 265.96
3.06107, 141.676, 89.3235, 324.573, 217.397, 13.603, 134.129, 263.629
3.10692, 141.676, 89.3235, 324.573, 217.397, 13.603, 134.129, 263.629
3.20801, 141.42, 89.5804, 323.678, 218.529, 12.471, 135.855, 261.343
3.2634, 141.138, 89.8625, 322.434, 219.643, 11.3572, 137.35, 258.937
3.3073, 141.138, 89.8625, 322.434, 219.643, 11.3572, 137.35, 258.937
3.36194, 141.251, 89.7493, 321.851, 220.131, 10.8687, 137.991, 257.978
3.4162, 141.974, 89.0259, 322.062, 220.541, 10.4587, 138.569, 258.085
3.45909, 142.708, 88.292, 320.669, 221.244, 9.75618, 139.377, 256.54
3.51559, 143.289, 87.7113, 320.414, 221.633, 9.36677, 139.588, 256.354
3.56228, 143.289, 87.7113, 320.414, 221.633, 9.36677, 139.588, 256.354
3.61289, 143.854, 87.1462, 320.009, 222.024, 8.97629, 139.762, 256.045
3.66219, 144.158, 86.8418, 314.894, 222.943, 8.05748, 139.856, 251.191
3.71152, 144.196, 86.8039, 312.9, 223.477, 7.52343, 139.702, 249.3
3.76219, 144.196, 86.8039, 312.9, 223.477, 7.52343, 139.702, 249.3
3.8157, 143.426, 87.5744, 311.925, 223.972, 7.0278, 139.582, 247.981
3.85832, 143.467, 87.5333, 310.47, 224.424, 6.57614, 139.495, 246.589
3.91514, 143.556, 87.4445, 308.168, 225.387, 5.61332, 139.366, 244.346
3.9716, 143.599, 87.4007, 307.241, 225.82, 5.1803, 139.387, 243.419
4.01084, 143.599, 87.4007, 307.241, 225.82, 5.1803, 139.387, 243.419
4.07641, 143.673, 87.3269, 306.105, 226.448, 4.55158, 139.723, 242.178
4.11406, 143.673, 87.3269, 306.105, 226.448, 4.55158, 139.723, 242.178
4.16032, 143.726, 87.2739, 305.367, 227.144, 3.85633, 140.275, 241.224
4.21092, 143.726, 87.2739, 305.367, 227.144, 3.85633, 140.275, 241.224
4.26483, 144.254, 86.746, 304.768, 227.849, 3.15084, 141.226, 240.534
4.31992, 144.463, 86.537, 304.547, 228.2, 2.79967, 141.735, 240.238
4.36657, 144.463, 86.537, 304.547, 228.2, 2.79967, 141.735, 240.238
4.42042, 144.901, 86.0994, 304.298, 228.552, 2.44839, 142.401, 240.002
4.46179, 145.587, 85.4127, 303.629, 228.291, 2.70906, 144.097, 239.391
4.51143, 145.587, 85.4127, 303.629, 228.291, 2.70906, 144.097, 239.391
4.56285, 145.189, 85.8105, 303.667, 227.693, 3.30676, 145.459, 239.002
4.64396, 144.238, 86.7619, 304.009, 228.742, 2.25797, 146.862, 238.37
4.66355, 144.238, 86.7619, 304.009, 228.742, 2.25797, 146.862, 238.37
4.71699, 144.238, 86.7619, 304.009, 228.742, 2.25797, 146.862, 238.37
4.76441, 143.707, 87.2925, 303.814, 229.445, 1.55481, 147.116, 237.779
4.82538, 143.707, 87.2925, 303.814, 229.445, 1.55481, 147.116, 237.779
4.86825, 143.294, 87.7065, 303.194, 229.905, 1.09472, 147.477, 236.891
4.91863, 143.294, 87.7065, 303.194, 229.905, 1.09472, 147.477, 236.891
4.96776, 144.958, 86.0422, 295.503, 228.734, 2.26581, 150.187, 230.522
5.02581, 145.788, 85.2116, 293.557, 227.476, 3.52416, 151.424, 229.213
5.06935, 145.788, 85.2116, 293.557, 227.476, 3.52416, 151.424, 229.213
5.11392, 147.006, 83.9942, 290.572, 226.198, 4.80175, 152.698, 227.389
5.16783, 147.006, 83.9942, 290.572, 226.198, 4.80175, 152.698, 227.389
5.22225, 148.107, 82.8927, 288.219, 225.653, 5.34663, 153.323, 226.14
5.27622, 148.467, 82.5327, 287.23, 225.533, 5.46744, 153.673, 225.567
5.31769, 148.984, 82.016, 286.615, 225.477, 5.52262, 154.061, 225.404
5.36658, 148.984, 82.016, 286.615, 225.477, 5.52262, 154.061, 225.404
5.42412, 149.551, 81.4489, 285.497, 225.497, 5.5026, 154.832, 224.891
5.4747, 149.641, 81.359, 285.054, 225.569, 5.43144, 155.234, 224.61
5.53005, 149.641, 81.359, 285.054, 225.569, 5.43144, 155.234, 224.61
5.56717, 149.701, 81.2993, 284.481, 225.746, 5.25438, 156.029, 224.228
5.61605, 149.701, 81.2993, 284.481, 225.746, 5.25438, 156.029, 224.228
5.66817, 149.555, 81.4454, 283.784, 226.034, 4.96568, 157.14, 223.64
5.72438, 149.555, 81.4454, 283.784, 226.034, 4.96568, 157.14, 223.64
5.77197, 149.479, 81.5214, 283.36, 225.989, 5.01109, 157.499, 223.285
5.82398, 149.164, 81.8356, 282.325, 225.748, 5.25178, 158.231, 222.338
5.86869, 149.164, 81.8356, 282.325, 225.748, 5.25178, 158.231, 222.338
5.91991, 148.736, 82.2642, 280.922, 225.246, 5.75438, 158.934, 221.056
5.97103, 148.736, 82.2642, 280.922, 225.246, 5.75438, 158.934, 221.056
6.02439, 148.48, 82.5204, 280.148, 225.033, 5.96684, 159.394, 220.347
6.06956, 148.213, 82.787, 278.354, 227.399, 3.60092, 160.047, 218.72
6.17111, 148.299, 82.7013, 277.368, 227.421, 3.57928, 160.578, 218.08
6.21945, 148.684, 82.3157, 275.286, 226.84, 4.16014, 162.144, 217.016
6.26973, 148.684, 82.3157, 275.286, 226.84, 4.16014, 162.144, 217.016
6.322, 149.309, 81.6906, 272.785, 225.982, 5.01809, 163.905, 215.97
6.37179, 149.309, 81.6906, 272.785, 225.982, 5.01809, 163.905, 215.97
6.4355, 149.548, 81.4516, 271.355, 225.523, 5.47741, 164.853, 215.333
6.47573, 150.171, 80.8292, 268.552, 225.03, 5.96985, 166.979, 214.325
6.52589, 150.421, 80.5793, 267.19, 224.779, 6.2212, 167.992, 213.852
6.5771, 150.421, 80.5793, 267.19, 224.779, 6.2212, 167.992, 213.852
6.62416, 150.622, 80.3779, 265.999, 224.555, 6.445, 168.801, 213.435
6.67424, 150.743, 80.257, 264.015, 224.25, 6.75031, 170.075, 212.6
6.77294, 150.741, 80.2593, 263.322, 224.124, 6.87555, 170.532, 212.296
6.92826, 151.257, 79.7434, 261.712, 223.836, 7.16427, 171.339, 211.937
6.98458, 151.582, 79.4176, 261.265, 223.741, 7.25877, 171.452, 211.951
7.07455, 151.994, 79.0058, 260.425, 223.216, 7.78392, 171.477, 211.825
7.18359, 152.301, 78.6991, 260.105, 222.949, 8.05146, 171.555, 211.933
7.23399, 152.846, 78.1545, 259.456, 222.258, 8.74208, 171.487, 212.041
7.3815, 153.872, 77.1285, 257.391, 221.169, 9.83116, 171.926, 211.906
7.48611, 154.458, 76.5416, 255.932, 220.296, 10.7042, 172.367, 211.809
7.52981, 154.815, 76.1847, 255.06, 220.022, 10.9779, 172.783, 211.783
7.5805, 154.815, 76.1847, 255.06, 220.022, 10.9779, 172.783, 211.783
7.72881, 150.861, 80.1392, 250.555, 212.144, 18.8565, 175.126, 211.305
7.77812, 155.896, 75.1036, 250.555, 218.654, 12.3462, 175.126, 211.305
7.87856, 156.352, 74.6483, 245.778, 217.378, 13.6224, 177.582, 210.514
7.94341, 151.425, 79.5745, 244.107, 211.371, 19.6292, 178.481, 210.161
8.02781, 156.789, 74.2113, 241.371, 217.147, 13.8526, 180.533, 210.228
8.12812, 156.74, 74.2597, 239.356, 216.786, 14.2142, 181.192, 209.644
8.1853, 156.678, 74.322, 238.559, 216.574, 14.4259, 181.411, 209.379
8.2812, 151.243, 79.757, 237.236, 209.981, 21.0191, 182.028, 209.012
8.33856, 156.506, 74.4935, 237.236, 216.353, 14.6475, 182.028, 209.012
8.38464, 155.865, 75.1351, 235.864, 216.192, 14.8081, 182.635, 208.199
8.43508, 155.865, 75.1351, 235.864, 216.192, 14.8081, 182.635, 208.199
8.53777, 155.152, 75.8477, 234.166, 216.116, 14.884, 183.244, 207.161
8.59395, 155.152, 75.8477, 234.166, 216.116, 14.884, 183.244, 207.161
8.63361, 154.734, 76.2659, 233.167, 216.116, 14.884, 183.244, 206.316
8.68101, 154.734, 76.2659, 233.167, 216.116, 14.884, 183.244, 206.316
8.73422, 154.615, 76.3849, 231.859, 216.116, 14.884, 183.244, 205.596
8.78216, 154.702, 76.2976, 230.996, 216.116, 14.884, 183.244, 205.273
8.83162, 154.702, 76.2976, 230.996, 216.116, 14.884, 183.244, 205.273
8.88109, 154.776, 76.2241, 229.333, 216.548, 14.4521, 187.577, 207.382
8.94109, 149.441, 81.5586, 228.383, 210.147, 20.8532, 188.068, 207.435
8.98647, 154.857, 76.1434, 228.383, 216.41, 14.5899, 188.068, 207.435
9.03634, 154.936, 76.0644, 226.352, 216.006, 14.9936, 188.816, 207.319
9.08257, 154.936, 76.0644, 226.352, 216.006, 14.9936, 188.816, 207.319
9.19996, 154.974, 76.0258, 224.105, 215.446, 15.5542, 189.692, 207.27
9.2442, 155.314, 75.6861, 221.534, 214.871, 16.1294, 191.146, 207.884
9.28612, 155.496, 75.504, 220.238, 214.513, 16.4872, 192.148, 208.475
9.33737, 155.552, 75.4484, 219.144, 214.198, 16.8018, 193.087, 208.985
9.39726, 155.552, 75.4484, 219.144, 214.198, 16.8018, 193.087, 208.985
9.4351, 155.771, 75.2289, 217.257, 213.619, 17.3814, 195.204, 210.463
9.49239, 155.897, 75.1034, 216.438, 213.276, 17.7244, 196.238, 211.294
9.5862, 154.507, 76.4935, 216.431, 212.597, 18.4032, 197.72, 211.45
9.69523, 153.662, 77.3385, 216.567, 211.916, 19.0838, 198.69, 211.745
9.73665, 153.396, 77.6036, 216.63, 211.633, 19.3669, 199.158, 212.007
9.83577, 147.556, 83.4437, 216.666, 204.898, 26.1024, 199.787, 212.589
9.88709, 153.14, 77.8598, 216.644, 210.566, 20.4341, 199.914, 212.785
9.99285, 153.132, 77.8681, 216.516, 210.277, 20.7234, 200.097, 212.996
10.1959, 160.846, 70.1536, 210.704, 209.757, 21.2425, 200.279, 219.129
10.2444, 159.989, 71.0107, 210.159, 209.958, 21.0419, 200.238, 218.05
10.2885, 159.485, 71.5147, 209.598, 210.181, 20.8193, 200.056, 217.17
10.3438, 158.993, 72.007, 208.936, 210.466, 20.5336, 199.921, 216.294
10.3899, 158.993, 72.007, 208.936, 210.466, 20.5336, 199.921, 216.294
10.6907, 157.136, 73.8636, 207.491, 212.051, 18.9487, 199.246, 212.919
10.7997, 157.147, 73.8534, 207.51, 212.154, 18.8462, 199.302, 212.946
10.8427, 157.191, 73.8086, 207.434, 212.429, 18.5711, 199.323, 212.884
10.8918, 157.26, 73.7398, 207.367, 212.437, 18.5629, 199.264, 212.877
10.9472, 157.26, 73.7398, 207.367, 212.437, 18.5629, 199.264, 212.877
10.9966, 157.115, 73.8848, 207.494, 212.531, 18.4688, 199.304, 212.771
11.1008, 157.16, 73.8395, 207.415, 212.642, 18.3577, 199.46, 212.893
11.1923, 156.298, 74.7019, 207.364, 212.777, 18.2231, 199.469, 212.002
11.2426, 156.298, 74.7019, 207.364, 212.777, 18.2231, 199.469, 212.002
11.2994, 154.994, 76.0062, 206.983, 212.968, 18.0321, 199.337, 210.445
11.3437, 155.261, 75.7391, 207.017, 213.035, 17.9653, 199.275, 210.631
11.4077, 155.261, 75.7391, 207.017, 213.035, 17.9653, 199.275, 210.631
11.4495, 154.368, 76.6317, 206.792, 213.101, 17.899, 199.118, 209.539
11.4947, 154.716, 76.284, 206.907, 213.193, 17.8075, 199.168, 209.917
11.648, 155.29, 75.7098, 207.137, 213.143, 17.857, 199.16, 210.547
11.7027, 155.725, 75.2749, 207.541, 213.047, 17.9526, 199.285, 211.226
11.8094, 155.999, 75.0009, 207.732, 213.176, 17.8236, 199.193, 211.411
11.8526, 156.079, 74.9208, 207.879, 213.208, 17.7924, 199.152, 211.479
11.9538, 156.19, 74.8103, 207.946, 213.231, 17.7692, 199.117, 211.565
12.1077, 155.702, 75.2981, 207.827, 213.244, 17.7561, 199.149, 211.083
12.1472, 155.084, 75.9165, 207.726, 213.259, 17.7415, 199.246, 210.54
12.2053, 155.174, 75.8259, 207.782, 213.246, 17.7542, 199.393, 210.779
12.248, 154.622, 76.3778, 207.666, 213.158, 17.8417, 199.534, 210.373
12.3023, 153.748, 77.2521, 207.449, 213.121, 17.8786, 199.977, 209.88
12.3562, 153.748, 77.2521, 207.449, 213.121, 17.8786, 199.977, 209.88
12.3998, 154.49, 76.5098, 207.49, 212.989, 18.0111, 200.571, 211.199
12.4517, 154.49, 76.5098, 207.49, 212.989, 18.0111, 200.571, 211.199
12.5481, 155.159, 75.8408, 207.764, 212.925, 18.0747, 201.614, 212.893
12.6024, 155.362, 75.6378, 207.888, 212.869, 18.1314, 202.718, 214.154
12.6593, 155.411, 75.5893, 207.886, 212.956, 18.0445, 203.397, 214.792
12.7033, 155.411, 75.5893, 207.886, 212.956, 18.0445, 203.397, 214.792
12.8019, 155.204, 75.7959, 207.758, 213.119, 17.8806, 205.138, 216.11
12.8553, 155.03, 75.9695, 207.638, 213.093, 17.9065, 205.513, 216.272
12.8998, 154.832, 76.1679, 207.368, 213.006, 17.9944, 205.866, 216.378
13.1026, 154.386, 76.614, 204.971, 212.244, 18.7559, 207.134, 216.893
13.1527, 154.363, 76.637, 204.159, 212.005, 18.9947, 207.412, 217.055
13.2529, 154.384, 76.6158, 203.354, 211.682, 19.3177, 207.628, 217.242
13.3078, 154.76, 76.2404, 201.529, 211.053, 19.9473, 208.21, 218.058
13.3538, 154.96, 76.04, 200.625, 210.728, 20.2718, 208.629, 218.622
13.4051, 155.158, 75.8418, 199.691, 210.483, 20.5172, 209.007, 219.115
13.6032, 156.014, 74.9864, 196.561, 209.915, 21.085, 211.782, 222.456
13.6572, 156.014, 74.9864, 196.561, 209.915, 21.085, 211.782, 222.456
13.7053, 156.696, 74.3041, 195.572, 209.666, 21.3344, 213.674, 225.029
13.8039, 157.563, 73.4367, 194.48, 208.952, 22.0481, 215.928, 228.377
13.9629, 159.068, 71.9318, 192.553, 207.847, 23.1526, 220.23, 234.669
14.014, 153.532, 77.4681, 191.967, 201.956, 29.044, 221.825, 236.94
14.0566, 159.57, 71.43, 191.967, 207.58, 23.42, 221.825, 236.94
14.1063, 160.002, 70.998, 191.279, 207.457, 23.5429, 222.571, 238.172
14.1603, 160.995, 70.0052, 189.623, 207.187, 23.8134, 223.852, 240.548
14.209, 154.916, 76.0837, 189.623, 201.6, 29.4004, 223.852, 240.548
14.2567, 162.083, 68.9169, 187.509, 207.022, 23.9783, 225.024, 242.867
14.3639, 157.314, 73.6858, 184.569, 201.344, 29.6558, 226.122, 245.41
14.4575, 157.523, 73.4769, 181.713, 201.259, 29.7413, 227.118, 246.752
14.508, 157.523, 73.4769, 181.713, 201.259, 29.7413, 227.118, 246.752
14.5584, 158.689, 72.3115, 177.199, 201.259, 29.7413, 227.118, 247.94
14.6128, 158.689, 72.3115, 177.199, 201.259, 29.7413, 227.118, 247.94
14.7135, 161.722, 69.2785, 172.23, 201.259, 29.7413, 227.118, 251.099
14.7592, 164.073, 66.9267, 168.446, 201.259, 29.7413, 227.118, 253.616
14.8591, 165.571, 65.4293, 165.67, 201.259, 29.7413, 227.118, 255.273
14.9097, 165.571, 65.4293, 165.67, 201.259, 29.7413, 227.118, 255.273
14.9592, 173.74, 57.2599, 179.122, 201.259, 29.7413, 227.118, 262.983
15.06, 177.934, 53.0655, 186.973, 201.259, 29.7413, 227.118, 267.197
15.1193, 180.495, 50.5053, 192.124, 201.259, 29.7413, 227.118, 269.878
15.1656, 180.607, 50.3928, 193.8, 201.259, 29.7413, 227.118, 270.053
15.217, 180.607, 50.3928, 193.8, 201.259, 29.7413, 227.118, 270.053
15.2701, 180.607, 50.3928, 193.8, 201.259, 29.7413, 227.118, 270.053
15.3113, 180.607, 50.3928, 193.8, 201.259, 29.7413, 227.118, 270.053
15.3692, 180.607, 50.3928, 193.8, 201.259, 29.7413, 227.118, 270.053
15.4167, 180.607, 50.3928, 193.8, 201.259, 29.7413, 227.118, 270.053
15.4697, 180.607, 50.3928, 193.8, 201.259, 29.7413, 227.118, 270.053
15.6722, 180.607, 50.3928, 193.8, 201.259, 29.7413, 227.118, 270.053
15.765, 180.607, 50.3928, 193.8, 201.259, 29.7413, 227.118, 270.053
15.8658, 180.607, 50.3928, 193.8, 201.259, 29.7413, 227.118, 270.053
15.9643, 183.607, 50.3928, 193.8, 204.259, 29.7413, 227.118, 270.053
16.0232, 180.607, 50.3928, 193.8, 201.259, 29.7413, 227.118, 270.053
16.0705, 186.65, 44.3497, 193.8, 206.787, 24.213, 227.118, 270.053
16.0708, 186.65, 44.3497, 193.8, 179.995, 51.005, 140.681, 197.651
16.1175, 180.607, 50.3928, 193.8, 201.259, 29.7413, 227.118, 270.053
16.1179, 180.607, 50.3928, 193.8, 173.051, 57.9489, 140.681, 197.651
16.1652, 180.607, 50.3928, 193.8, 201.259, 29.7413, 227.118, 270.053
16.1655, 180.607, 50.3928, 193.8, 174.242, 56.758, 137.463, 195.153
16.2187, 186.65, 44.3497, 193.8, 206.787, 24.213, 227.118, 270.053
16.2192, 186.65, 44.3497, 193.8, 181.841, 49.1586, 135.955, 194.009
16.2656, 180.607, 50.3928, 193.8, 201.259, 29.7413, 227.118, 270.053
16.266, 180.607, 50.3928, 193.8, 174.81, 56.1895, 135.955, 194.009
16.3697, 180.607, 50.3928, 193.8, 201.259, 29.7413, 227.118, 270.053
16.3701, 180.607, 50.3928, 193.8, 176.026, 54.9744, 132.284, 191.345
16.4183, 180.607, 50.3928, 193.8, 201.259, 29.7413, 227.118, 270.053
16.4197, 180.607, 50.3928, 193.8, 176.026, 54.9744, 132.284, 191.345
16.4671, 180.607, 50.3928, 193.8, 201.259, 29.7413, 227.118, 270.053
16.4673, 180.607, 50.3928, 193.8, 176.298, 54.7015, 131.46, 190.763
16.5242, 186.65, 44.3497, 193.8, 206.787, 24.213, 227.118, 270.053
16.5244, 186.65, 44.3497, 193.8, 184.171, 46.8287, 130.235, 189.841
16.567, 186.65, 44.3497, 193.8, 206.787, 24.213, 227.118, 270.053
16.5673, 186.65, 44.3497, 193.8, 184.171, 46.8287, 130.235, 189.841
16.6668, 180.607, 50.3928, 193.8, 201.259, 29.7413, 227.118, 270.053
16.6671, 180.607, 50.3928, 193.8, 177.84, 53.1605, 129.23, 189.051
16.7268, 180.607, 50.3928, 193.8, 201.259, 29.7413, 227.118, 270.053
16.7271, 180.607, 50.3928, 193.8, 178.668, 52.3318, 128.331, 188.33
16.7735, 186.65, 44.3497, 193.8, 206.787, 24.213, 227.118, 270.053
16.7738, 186.65, 44.3497, 193.8, 185.845, 45.1548, 128.331, 188.33
16.8766, 186.65, 44.3497, 193.8, 206.787, 24.213, 227.118, 270.053
16.877, 186.65, 44.3497, 193.8, 186.777, 44.2229, 127.503, 187.64
16.9241, 180.607, 50.3928, 193.8, 201.259, 29.7413, 227.118, 270.053
16.9245, 180.607, 50.3928, 193.8, 180.595, 50.4051, 126.618, 186.902
16.9752, 180.607, 50.3928, 193.8, 201.259, 29.7413, 227.118, 270.053
16.9757, 180.607, 50.3928, 193.8, 180.595, 50.4051, 126.618, 186.902
17.0193, 180.607, 50.3928, 193.8, 201.259, 29.7413, 227.118, 270.053
17.0196, 180.607, 50.3928, 193.8, 181.669, 49.3308, 125.337, 185.933
17.0705, 183.607, 50.3928, 193.8, 204.259, 29.7413, 227.118, 270.053
17.0711, 183.607, 50.3928, 193.8, 184.669, 49.3308, 125.337, 185.933
17.1193, 180.607, 50.3928, 193.8, 201.259, 29.7413, 227.118, 270.053
17.1198, 180.607, 50.3928, 193.8, 182.311, 48.689, 124.485, 185.314
17.1716, 180.607, 50.3928, 193.8, 201.259, 29.7413, 227.118, 270.053
17.1719, 180.607, 50.3928, 193.8, 183.896, 47.1037, 122.346, 183.803
17.2227, 183.607, 50.3928, 193.8, 204.259, 29.7413, 227.118, 270.053
17.223, 183.607, 50.3928, 193.8, 186.374, 47.6256, 121.618, 183.531
17.2698, 180.607, 50.3928, 193.8, 201.259, 29.7413, 227.118, 270.053
17.2702, 180.607, 50.3928, 193.8, 183.374, 47.6256, 121.618, 183.531
17.32, 180.607, 50.3928, 193.8, 201.259, 29.7413, 227.118, 270.053
17.3203, 180.607, 50.3928, 193.8, 182.521, 48.4789, 119.35, 182.538
17.3845, 180.607, 50.3928, 193.8, 201.259, 29.7413, 227.118, 270.053
17.3848, 180.607, 50.3928, 193.8, 182.521, 48.4789, 119.35, 182.538
17.423, 180.607, 50.3928, 193.8, 201.259, 29.7413, 227.118, 270.053
17.4234, 180.607, 50.3928, 193.8, 184.621, 46.3795, 113.59, 179.387
17.4732, 180.607, 50.3928, 193.8, 201.259, 29.7413, 227.118, 270.053
17.4735, 180.607, 50.3928, 193.8, 184.621, 46.3795, 113.59, 179.387
17.5286, 180.607, 50.3928, 193.8, 201.259, 29.7413, 227.118, 270.053
17.5289, 180.607, 50.3928, 193.8, 186.141, 44.8593, 111.076, 178.03
17.6369, 180.607, 50.3928, 193.8, 201.259, 29.7413, 227.118, 270.053
17.6372, 180.607, 50.3928, 193.8, 188.581, 42.4188, 107.928, 176.37
17.6738, 180.607, 50.3928, 193.8, 201.259, 29.7413, 227.118, 270.053
17.6742, 180.607, 50.3928, 193.8, 190.523, 40.4768, 106.129, 175.407
17.7254, 180.607, 50.3928, 193.8, 201.259, 29.7413, 227.118, 270.053
17.7259, 180.607, 50.3928, 193.8, 190.523, 40.4768, 106.129, 175.407
17.8412, 180.607, 50.3928, 193.8, 201.259, 29.7413, 227.118, 270.053
17.8417, 180.607, 50.3928, 193.8, 191.918, 39.0817, 104.977, 174.803
17.9227, 180.607, 50.3928, 193.8, 201.259, 29.7413, 227.118, 270.053
17.923, 180.607, 50.3928, 193.8, 193.475, 37.5248, 103.441, 174.096
17.9737, 180.607, 50.3928, 193.8, 201.259, 29.7413, 227.118, 270.053
17.974, 180.607, 50.3928, 193.8, 193.475, 37.5248, 103.441, 174.096
18.0752, 186.65, 44.3497, 193.8, 206.787, 24.213, 227.118, 270.053
18.0755, 186.65, 44.3497, 193.8, 201.795, 29.2055, 102.137, 173.65
18.1361, 180.607, 50.3928, 193.8, 201.259, 29.7413, 227.118, 270.053
18.1365, 180.607, 50.3928, 193.8, 194.374, 36.6261, 101.518, 173.443
18.1745, 180.607, 50.3928, 193.8, 201.259, 29.7413, 227.118, 270.053
18.175, 180.607, 50.3928, 193.8, 194.704, 36.2955, 100.048, 173.039
18.2282, 186.65, 44.3497, 193.8, 206.787, 24.213, 227.118, 270.053
18.2287, 186.65, 44.3497, 193.8, 202.626, 28.3735, 99.2994, 172.852
18.2753, 180.607, 50.3928, 193.8, 201.259, 29.7413, 227.118, 270.053
18.2758, 180.607, 50.3928, 193.8, 194.829, 36.171, 99.2994, 172.852
18.3758, 186.65, 44.3497, 193.8, 206.787, 24.213, 227.118, 270.053
18.3762, 186.65, 44.3497, 193.8, 203.201, 27.7988, 98.1654, 172.543
18.5803, 186.65, 44.3497, 193.8, 206.787, 24.213, 227.118, 270.053
18.5805, 186.65, 44.3497, 193.8, 207.551, 23.4489, 90.712, 171.208
18.6375, 180.607, 50.3928, 193.8, 201.259, 29.7413, 227.118, 270.053
18.6379, 180.607, 50.3928, 193.8, 200.533, 30.4673, 88.9983, 171.114
18.7357, 180.607, 50.3928, 193.8, 201.259, 29.7413, 227.118, 270.053
18.736, 180.607, 50.3928, 193.8, 202.204, 28.7958, 85.9052, 171.187
18.829, 186.65, 44.3497, 193.8, 206.787, 24.213, 227.118, 270.053
18.8295, 186.65, 44.3497, 193.8, 211.146, 19.8539, 84.5699, 171.324
18.88, 186.65, 44.3497, 193.8, 206.787, 24.213, 227.118, 270.053
18.8804, 186.65, 44.3497, 193.8, 211.699, 19.3006, 83.3231, 171.498
18.9336, 180.607, 50.3928, 193.8, 201.259, 29.7413, 227.118, 270.053
18.9339, 180.607, 50.3928, 193.8, 204.296, 26.7036, 81.4242, 171.876
18.9811, 180.607, 50.3928, 193.8, 201.259, 29.7413, 227.118, 270.053
18.9814, 180.607, 50.3928, 193.8, 204.588, 26.4118, 80.7066, 172.053
19.0324, 180.607, 50.3928, 193.8, 201.259, 29.7413, 227.118, 270.053
19.0328, 180.607, 50.3928, 193.8, 204.815, 26.1851, 80.0482, 172.227
19.1321, 186.65, 44.3497, 193.8, 206.787, 24.213, 227.118, 270.053
19.1325, 186.65, 44.3497, 193.8, 213.803, 17.1974, 79.2277, 172.539
19.2456, 186.65, 44.3497, 193.8, 206.787, 24.213, 227.118, 270.053
19.2461, 186.65, 44.3497, 193.8, 214.637, 16.3625, 78.5859, 172.885
19.3859, 186.65, 44.3497, 193.8, 206.787, 24.213, 227.118, 270.053
19.3862, 186.65, 44.3497, 193.8, 215.999, 15.0007, 77.5515, 173.554
19.4309, 186.65, 44.3497, 193.8, 206.787, 24.213, 227.118, 270.053
19.4312, 186.65, 44.3497, 193.8, 215.999, 15.0007, 77.5515, 173.554
19.4886, 186.65, 44.3497, 193.8, 206.787, 24.213, 227.118, 270.053
19.4889, 186.65, 44.3497, 193.8, 217.069, 13.9305, 76.5247, 174.269
19.5351, 186.65, 44.3497, 193.8, 206.787, 24.213, 227.118, 270.053
19.5354, 186.65, 44.3497, 193.8, 216.059, 14.9407, 75.5685, 174.307
19.6394, 186.65, 44.3497, 193.8, 206.787, 24.213, 227.118, 270.053
19.6398, 186.65, 44.3497, 193.8, 213.8, 17.1999, 72.8699, 174.625
19.7888, 186.65, 44.3497, 193.8, 206.787, 24.213, 227.118, 270.053
19.789, 186.65, 44.3497, 193.8, 217.642, 13.3583, 69.5475, 178.329
19.837, 180.607, 50.3928, 193.8, 201.259, 29.7413, 227.118, 270.053
19.8372, 180.607, 50.3928, 193.8, 208.967, 22.0333, 69.5475, 178.329
19.8924, 180.607, 50.3928, 193.8, 201.259, 29.7413, 227.118, 270.053
19.8926, 180.607, 50.3928, 193.8, 212.064, 18.9361, 69.4269, 180.913
19.9366, 186.65, 44.3497, 193.8, 206.787, 24.213, 227.118, 270.053
19.937, 186.65, 44.3497, 193.8, 222.078, 8.92198, 69.5146, 182.046
20.0346, 186.65, 44.3497, 193.8, 206.787, 24.213, 227.118, 270.053
20.035, 186.65, 44.3497, 193.8, 223.853, 7.14691, 69.5913, 184.04
20.0949, 180.607, 50.3928, 193.8, 201.259, 29.7413, 227.118, 270.053
20.0954, 180.607, 50.3928, 193.8, 215.655, 15.3453, 69.6707, 184.896
20.1339, 186.65, 44.3497, 193.8, 206.787, 24.213, 227.118, 270.053
20.1343, 186.65, 44.3497, 193.8, 225.017, 5.98342, 69.6208, 185.668
20.1879, 186.65, 44.3497, 193.8, 206.787, 24.213, 227.118, 270.053
20.189, 186.65, 44.3497, 193.8, 225.017, 5.98342, 69.6208, 185.668
20.2431, 186.65, 44.3497, 193.8, 206.787, 24.213, 227.118, 270.053
20.2437, 186.65, 44.3497, 193.8, 225.455, 5.54513, 69.2397, 187.055
20.2853, 186.65, 44.3497, 193.8, 206.787, 24.213, 227.118, 270.053
20.2857, 186.65, 44.3497, 193.8, 225.455, 5.54513, 69.2397, 187.055
20.3402, 186.65, 44.3497, 193.8, 206.787, 24.213, 227.118, 270.053
20.3406, 186.65, 44.3497, 193.8, 225.452, 5.54793, 68.5964, 188.3
20.3919, 186.65, 44.3497, 193.8, 206.787, 24.213, 227.118, 270.053
20.3922, 186.65, 44.3497, 193.8, 225.45, 5.54976, 68.3206, 188.887
20.438, 186.65, 44.3497, 193.8, 206.787, 24.213, 227.118, 270.053
20.4384, 186.65, 44.3497, 193.8, 225.45, 5.54976, 68.3206, 188.887
20.4875, 186.65, 44.3497, 193.8, 206.787, 24.213, 227.118, 270.053
20.4877, 186.65, 44.3497, 193.8, 225.528, 5.47168, 67.8202, 190.272
20.541, 186.65, 44.3497, 193.8, 206.787, 24.213, 227.118, 270.053
20.5415, 186.65, 44.3497, 193.8, 225.625, 5.37515, 67.5943, 191.157
20.5855, 186.65, 44.3497, 193.8, 206.787, 24.213, 227.118, 270.053
20.5858, 186.65, 44.3497, 193.8, 225.625, 5.37515, 67.5943, 191.157
20.6943, 186.65, 44.3497, 193.8, 206.787, 24.213, 227.118, 270.053
20.6946, 186.65, 44.3497, 193.8, 226.645, 4.35491, 68.2003, 192.502
20.738, 186.65, 44.3497, 193.8, 206.787, 24.213, 227.118, 270.053
20.7384, 186.65, 44.3497, 193.8, 227.17, 3.83002, 68.6225, 192.891
20.7868, 186.65, 44.3497, 193.8, 206.787, 24.213, 227.118, 270.053
20.7871, 186.65, 44.3497, 193.8, 227.981, 3.01891, 68.7952, 195.878
20.8434, 186.65, 44.3497, 193.8, 206.787, 24.213, 227.118, 270.053
20.8439, 186.65, 44.3497, 193.8, 227.981, 3.01891, 68.7952, 195.878
20.9506, 186.65, 44.3497, 193.8, 206.787, 24.213, 227.118, 270.053
20.9511, 186.65, 44.3497, 193.8, 228.167, 2.83277, 68.5509, 201.237
20.9947, 186.65, 44.3497, 193.8, 206.787, 24.213, 227.118, 270.053
20.9951, 186.65, 44.3497, 193.8, 229.035, 1.96531, 69.8287, 207.214
21.0975, 186.65, 44.3497, 193.8, 206.787, 24.213, 227.118, 270.053
21.098, 186.65, 44.3497, 193.8, 229.347, 1.65307, 70.5175, 209.602
21.117, 186.65, 44.3497, 193.8, 206.787, 24.213, 227.118, 270.053
21.1174, 186.65, 44.3497, 193.8, 229.347, 1.65307, 70.5175, 209.602
21.1407, 186.65, 44.3497, 193.8, 206.787, 24.213, 227.118, 270.053
21.1411, 186.65, 44.3497, 193.8, 229.347, 1.65307, 70.5175, 209.602
21.1919, 186.65, 44.3497, 193.8, 206.787, 24.213, 227.118, 270.053
21.1923, 186.65, 44.3497, 193.8, 229.756, 1.24363, 71.3526, 211.768
21.2533, 186.65, 44.3497, 193.8, 206.787, 24.213, 227.118, 270.053
21.2537, 186.65, 44.3497, 193.8, 229.756, 1.24363, 71.3526, 211.768
21.2894, 186.65, 44.3497, 193.8, 206.787, 24.213, 227.118, 270.053
21.2897, 186.65, 44.3497, 193.8, 230.027, 0.973259, 71.8448, 212.784
21.3473, 186.65, 44.3497, 193.8, 206.787, 24.213, 227.118, 270.053
21.3475, 186.65, 44.3497, 193.8, 230.184, 0.815659, 72.222, 213.707
21.3962, 186.65, 44.3497, 193.8, 206.787, 24.213, 227.118, 270.053
21.3967, 186.65, 44.3497, 193.8, 230.503, 0.497358, 73.0123, 215.54
21.447, 186.65, 44.3497, 193.8, 206.787, 24.213, 227.118, 270.053
21.4474, 186.65, 44.3497, 193.8, 230.739, 0.261156, 73.5168, 216.525
21.4911, 186.65, 44.3497, 193.8, 206.787, 24.213, 227.118, 270.053
21.4915, 186.65, 44.3497, 193.8, 230.739, 0.261156, 73.5168, 216.525
21.5494, 186.65, 44.3497, 193.8, 206.787, 24.213, 227.118, 270.053
21.5505, 186.65, 44.3497, 193.8, 230.739, 0.261156, 73.5168, 216.525
21.5906, 186.65, 44.3497, 193.8, 206.787, 24.213, 227.118, 270.053
21.591, 186.65, 44.3497, 193.8, 230.739, 0.261156, 73.5168, 216.525
21.6442, 186.65, 44.3497, 193.8, 206.787, 24.213, 227.118, 270.053
21.6445, 186.65, 44.3497, 193.8, 230.739, 0.261156, 73.5168, 216.525
21.6983, 186.65, 44.3497, 193.8, 206.787, 24.213, 227.118, 270.053
21.6987, 186.65, 44.3497, 193.8, 230.739, 0.261156, 73.5168, 216.525
21.7417, 186.65, 44.3497, 193.8, 206.787, 24.213, 227.118, 270.053
21.7419, 186.65, 44.3497, 193.8, 230.739, 0.261156, 73.5168, 216.525
21.8036, 186.65, 44.3497, 193.8, 206.787, 24.213, 227.118, 270.053
21.8039, 186.65, 44.3497, 193.8, 230.739, 0.261156, 73.5168, 216.525
21.8429, 186.65, 44.3497, 193.8, 206.787, 24.213, 227.118, 270.053
21.8432, 186.65, 44.3497, 193.8, 230.739, 0.261156, 73.5168, 216.525
21.8921, 186.65, 44.3497, 193.8, 206.787, 24.213, 227.118, 270.053
21.8925, 186.65, 44.3497, 193.8, 230.739, 0.261156, 73.5168, 216.525
21.9494, 186.65, 44.3497, 193.8, 206.787, 24.213, 227.118, 270.053
21.95, 186.65, 44.3497, 193.8, 230.739, 0.261156, 73.5168, 216.525
21.9972, 186.65, 44.3497, 193.8, 206.787, 24.213, 227.118, 270.053
21.9975, 186.65, 44.3497, 193.8, 230.739, 0.261156, 73.5168, 216.525
22.0438, 186.65, 44.3497, 193.8, 206.787, 24.213, 227.118, 270.053
22.0441, 186.65, 44.3497, 193.8, 230.739, 0.261156, 73.5168, 216.525
22.0978, 186.65, 44.3497, 193.8, 206.787, 24.213, 227.118, 270.053
22.0986, 186.65, 44.3497, 193.8, 230.739, 0.261156, 73.5168, 216.525
22.1594, 186.65, 44.3497, 193.8, 206.787, 24.213, 227.118, 270.053
22.1598, 186.65, 44.3497, 193.8, 230.739, 0.261156, 73.5168, 216.525
22.2003, 186.65, 44.3497, 193.8, 206.787, 24.213, 227.118, 270.053
22.2007, 186.65, 44.3497, 193.8, 230.739, 0.261156, 73.5168, 216.525
22.2553, 186.65, 44.3497, 193.8, 206.787, 24.213, 227.118, 270.053
22.2558, 186.65, 44.3497, 193.8, 230.739, 0.261156, 73.5168, 216.525
22.2966, 186.65, 44.3497, 193.8, 206.787, 24.213, 227.118, 270.053
22.2969, 186.65, 44.3497, 193.8, 230.739, 0.261156, 73.5168, 216.525
22.3447, 186.65, 44.3497, 193.8, 206.787, 24.213, 227.118, 270.053
22.345, 186.65, 44.3497, 193.8, 230.739, 0.261156, 73.5168, 216.525
22.4035, 186.65, 44.3497, 193.8, 206.787, 24.213, 227.118, 270.053
22.4038, 186.65, 44.3497, 193.8, 230.739, 0.261156, 73.5168, 216.525
22.4453, 186.65, 44.3497, 193.8, 206.787, 24.213, 227.118, 270.053
22.4458, 186.65, 44.3497, 193.8, 230.739, 0.261156, 73.5168, 216.525
22.4987, 186.65, 44.3497, 193.8, 206.787, 24.213, 227.118, 270.053
22.499, 186.65, 44.3497, 193.8, 230.739, 0.261156, 73.5168, 216.525
22.5562, 186.65, 44.3497, 193.8, 206.787, 24.213, 227.118, 270.053
22.5565, 186.65, 44.3497, 193.8, 230.739, 0.261156, 73.5168, 216.525
