0.000150681, 226.642, 4.35776, 108.395, 98.3082, 132.692, 413.278, 598.433
0.0518019, 226.642, 4.35776, 108.395, 98.3082, 132.692, 413.278, 598.433
0.101263, 226.492, 4.5078, 108.433, 100.502, 130.498, 411.276, 595.415
0.156532, 226.084, 4.91642, 108.253, 101.378, 129.622, 410.499, 593.911
0.201958, 226.214, 4.78591, 108.475, 102.072, 128.928, 409.711, 592.845
0.25236, 226.396, 4.60381, 108.771, 102.629, 128.371, 408.989, 591.894
0.310786, 226.396, 4.60381, 108.771, 102.629, 128.371, 408.989, 591.894
0.352436, 226.46, 4.5405, 109.192, 103.283, 127.717, 407.672, 589.903
0.406486, 226.46, 4.5405, 109.192, 103.283, 127.717, 407.672, 589.903
0.453454, 226.025, 4.9746, 109.168, 103.336, 127.664, 405.951, 586.994
0.507628, 226.025, 4.9746, 109.168, 103.336, 127.664, 405.951, 586.994
0.555132, 225.356, 5.64414, 108.906, 103.16, 127.84, 404.32, 584.054
0.61913, 225.118, 5.88179, 108.853, 103.03, 127.97, 403.578, 582.766
0.65486, 225.118, 5.88179, 108.853, 103.03, 127.97, 403.578, 582.766
0.707081, 225.118, 5.88179, 108.853, 103.026, 127.974, 402.753, 581.622
0.75309, 225.118, 5.88179, 108.853, 103.047, 127.953, 401.797, 580.297
0.806303, 219.435, 11.5648, 114.464, 103.073, 127.927, 400.911, 569.439
0.861242, 219.229, 11.7707, 114.902, 103.147, 127.853, 399.784, 567.428
0.911489, 219.152, 11.8483, 115.916, 103.402, 127.598, 396.927, 562.898
0.958167, 219.096, 11.904, 116.263, 103.568, 127.432, 395.258, 560.361
1.00716, 219.096, 11.904, 116.263, 103.568, 127.432, 395.258, 560.361
1.06462, 219.034, 11.966, 116.898, 104.816, 126.184, 392.189, 555.726
1.10944, 219.034, 11.966, 116.898, 104.816, 126.184, 392.189, 555.726
1.1616, 218.998, 12.0021, 117.165, 104.937, 126.063, 389.977, 552.505
1.2081, 219.127, 11.8733, 118.004, 105.194, 125.806, 385.79, 546.485
1.25774, 219.176, 11.824, 118.427, 105.303, 125.697, 384.044, 543.937
1.30781, 219.176, 11.824, 118.427, 105.303, 125.697, 384.044, 543.937
1.3654, 219.179, 11.8208, 118.879, 105.402, 125.598, 382.473, 541.568
1.4121, 219.309, 11.6912, 120.167, 105.891, 125.109, 379.97, 537.673
1.46182, 219.309, 11.6912, 120.167, 105.891, 125.109, 379.97, 537.673
1.51006, 219.142, 11.8585, 121.385, 106.466, 124.534, 378.253, 534.56
1.60761, 218.991, 12.0092, 122.017, 106.834, 124.166, 377.399, 532.923
1.65861, 218.476, 12.5242, 123.476, 107.569, 123.431, 376.069, 529.851
1.71156, 218.25, 12.75, 124.381, 107.936, 123.064, 375.45, 528.342
1.7599, 218.25, 12.75, 124.381, 107.936, 123.064, 375.45, 528.342
1.80864, 217.627, 13.3727, 125.44, 108.751, 122.249, 374.169, 525.406
1.8603, 217.627, 13.3727, 125.44, 108.751, 122.249, 374.169, 525.406
1.91099, 211.225, 13.7752, 129.527, 103.33, 121.67, 372.894, 521.469
1.97162, 216.904, 14.0964, 131.48, 109.668, 121.332, 372.29, 519.471
2.01458, 216.904, 14.0964, 131.48, 109.668, 121.332, 372.29, 519.471
2.06392, 216.456, 14.5435, 135.143, 110.305, 120.695, 370.827, 515.486
2.12645, 216.456, 14.5435, 135.143, 110.305, 120.695, 370.827, 515.486
2.16162, 216.05, 14.95, 137.981, 110.764, 120.236, 368.869, 511.248
2.21965, 216.05, 14.95, 137.981, 110.764, 120.236, 368.869, 511.248
2.37195, 209.537, 15.4629, 140.664, 105.78, 119.22, 364.201, 503.292
2.41534, 215.064, 15.9356, 141.796, 111.791, 119.209, 360.688, 497.596
2.46223, 214.813, 16.1868, 142.233, 112.667, 118.333, 357.773, 493.189
2.51931, 214.497, 16.5032, 142.534, 113.709, 117.291, 354.802, 488.685
2.56394, 214.497, 16.5032, 142.534, 113.709, 117.291, 354.802, 488.685
2.61501, 213.883, 17.1175, 143.127, 115.535, 115.465, 349.9, 481.122
2.66584, 213.568, 17.4323, 143.37, 116.417, 114.583, 347.869, 477.922
2.71662, 213.568, 17.4323, 143.37, 116.417, 114.583, 347.869, 477.922
2.82075, 212.88, 18.1204, 144.062, 118.375, 112.625, 343.665, 471.192
2.8638, 212.88, 18.1204, 144.062, 118.375, 112.625, 343.665, 471.192
2.91697, 212.494, 18.5063, 144.611, 118.735, 112.265, 341.881, 468.173
2.96523, 212.494, 18.5063, 144.611, 118.735, 112.265, 341.881, 468.173
3.02024, 212.07, 18.9302, 145.263, 118.822, 112.178, 340.509, 465.651
3.06418, 212.07, 18.9302, 145.263, 118.822, 112.178, 340.509, 465.651
3.11623, 211.76, 19.2397, 146.397, 118.682, 112.318, 339.517, 463.614
3.16806, 205.652, 19.3476, 147.184, 112.619, 112.381, 339.017, 462.568
3.21746, 211.652, 19.3476, 147.184, 118.619, 112.381, 339.017, 462.568
3.26619, 211.413, 19.5867, 149.218, 118.504, 112.496, 338.247, 460.617
3.31544, 211.413, 19.5867, 149.218, 118.504, 112.496, 338.247, 460.617
3.37383, 211.235, 19.7648, 150.539, 118.517, 112.483, 337.989, 459.653
3.41873, 212.396, 18.6039, 152.09, 118.457, 112.543, 337.179, 459.311
3.47577, 212.396, 18.6039, 152.09, 118.457, 112.543, 337.179, 459.311
3.51786, 211.907, 19.0933, 155.499, 118.531, 112.469, 336.207, 456.42
3.57481, 211.561, 19.4389, 155.813, 118.542, 112.458, 335.681, 455.257
3.62237, 205.561, 19.4389, 155.813, 112.542, 112.458, 335.681, 455.257
3.66975, 210.983, 20.0167, 156.291, 118.484, 112.516, 334.24, 452.586
3.71742, 204.757, 20.2432, 156.472, 113.14, 111.86, 334.606, 452.748
3.77216, 210.757, 20.2432, 156.472, 119.14, 111.86, 334.606, 452.748
3.82153, 204.331, 20.6688, 156.749, 114.399, 110.601, 334.738, 452.326
3.87075, 204.331, 20.6688, 156.749, 114.399, 110.601, 334.738, 452.326
3.9186, 210.105, 20.8946, 157.207, 121.827, 109.173, 330.874, 446.749
3.96869, 204.03, 20.9697, 157.416, 116.397, 108.603, 328.254, 443.107
4.02011, 204.03, 20.9697, 157.416, 116.397, 108.603, 328.254, 443.107
4.07004, 210.03, 20.9697, 157.416, 123.445, 107.555, 323.978, 437.396
4.11868, 204.03, 20.9697, 157.416, 117.863, 107.137, 322.197, 435.02
4.21938, 210.03, 20.9697, 157.416, 124.835, 106.165, 319.12, 430.905
4.27535, 210.03, 20.9697, 157.416, 124.835, 106.165, 319.12, 430.905
4.32011, 210.03, 20.9697, 157.416, 125.769, 105.231, 316.86, 427.87
4.37038, 210.03, 20.9697, 157.416, 125.769, 105.231, 316.86, 427.87
4.4377, 210.03, 20.9697, 157.416, 126.205, 104.795, 316.034, 426.754
4.47279, 204.03, 20.9697, 157.416, 121.13, 103.87, 314.778, 425.039
4.52116, 210.03, 20.9697, 157.416, 127.704, 103.296, 314.226, 424.273
4.57157, 210.03, 20.9697, 157.416, 127.704, 103.296, 314.226, 424.273
4.62409, 210.03, 20.9697, 157.416, 128.662, 102.338, 313.496, 423.243
4.68055, 210.03, 20.9697, 157.416, 129.14, 101.86, 313.04, 422.608
4.72178, 210.03, 20.9697, 157.416, 129.14, 101.86, 313.04, 422.608
4.77119, 210.03, 20.9697, 157.416, 130.013, 100.987, 312.312, 421.584
4.8222, 210.03, 20.9697, 157.416, 130.013, 100.987, 312.312, 421.584
4.87837, 204.245, 26.7554, 174.622, 130.948, 100.052, 311.454, 410.042
4.92837, 203.569, 27.4309, 175.519, 131.253, 99.7471, 311.004, 408.539
4.97256, 201.908, 29.0922, 175.004, 131.702, 99.298, 310.392, 406.114
5.02337, 201.908, 29.0922, 175.004, 131.702, 99.298, 310.392, 406.114
5.07426, 200.783, 30.2166, 178.448, 132.508, 98.4921, 309.077, 402.452
5.18707, 199.881, 31.1195, 181.875, 133.326, 97.6743, 307.458, 398.68
5.22438, 199.881, 31.1195, 181.875, 133.326, 97.6743, 307.458, 398.68
5.27421, 199.331, 31.6688, 185.006, 134.405, 96.595, 305.451, 394.861
5.37464, 199.182, 31.8177, 187.501, 135.011, 95.9893, 302.869, 390.934
5.42744, 199.182, 31.8177, 187.501, 135.011, 95.9893, 302.869, 390.934
5.53121, 199.255, 31.7451, 189.209, 137.491, 93.5094, 299.46, 386.182
5.57823, 196.169, 37.8308, 190.16, 138.889, 95.1111, 296.368, 381.934
5.68355, 199.299, 31.7011, 190.506, 141.081, 89.919, 295.063, 380.128
5.72959, 199.187, 31.8133, 191.19, 142.472, 88.5276, 292.881, 377.031
5.82953, 198.96, 32.0403, 191.469, 142.979, 88.0207, 292.104, 375.732
5.87608, 198.543, 32.4574, 192.147, 143.721, 87.2788, 290.949, 373.685
5.93059, 198.543, 32.4574, 192.147, 143.721, 87.2788, 290.949, 373.685
5.98597, 197.994, 33.0059, 192.861, 144.054, 86.9462, 290.165, 372.014
6.02841, 197.994, 33.0059, 192.861, 144.054, 86.9462, 290.165, 372.014
6.08168, 197.412, 33.5879, 193.726, 185.15, 45.8498, 296.116, 369.799
6.12804, 197.152, 33.8476, 194.17, 184.92, 46.0797, 296.517, 370.038
6.17849, 197.152, 33.8476, 194.17, 184.92, 46.0797, 296.517, 370.038
6.22928, 196.812, 34.1885, 194.591, 184.665, 46.3346, 296.959, 370.255
6.28142, 196.199, 34.8013, 195.592, 184.174, 46.8265, 297.911, 370.817
6.33349, 196.199, 34.8013, 195.592, 184.174, 46.8265, 297.911, 370.817
6.38092, 195.591, 35.4087, 196.855, 183.421, 47.5792, 299.298, 371.96
6.42975, 195.591, 35.4087, 196.855, 183.421, 47.5792, 299.298, 371.96
6.48306, 195.098, 35.9024, 198.633, 182.658, 48.3419, 300.135, 372.477
6.5804, 194.927, 36.0728, 199.812, 182.473, 48.5273, 300.43, 372.568
6.6304, 194.795, 36.2054, 201.044, 182.256, 48.7439, 300.598, 372.548
6.68411, 194.448, 36.5519, 203.576, 182.412, 48.5876, 301.558, 373.02
6.73926, 194.448, 36.5519, 203.576, 182.412, 48.5876, 301.558, 373.02
6.83715, 195.325, 35.6754, 207.09, 182.412, 48.5876, 301.558, 373.508
6.88158, 195.195, 35.8054, 208.395, 182.412, 48.5876, 301.558, 373.237
6.93564, 195.089, 35.9107, 209.342, 182.412, 48.5876, 301.558, 373.032
7.03709, 194.916, 36.0842, 210.516, 182.412, 48.5876, 301.558, 372.737
7.08375, 194.928, 36.0715, 211.006, 182.412, 48.5876, 301.558, 372.702
7.13839, 194.928, 36.0715, 211.006, 182.412, 48.5876, 301.558, 372.702
7.18435, 194.912, 36.0878, 211.442, 182.412, 48.5876, 301.558, 372.643
7.23569, 194.912, 36.0878, 211.442, 182.412, 48.5876, 301.558, 372.643
7.34148, 194.953, 36.0468, 211.789, 182.412, 48.5876, 301.558, 372.651
7.38605, 195.314, 35.6855, 212.296, 182.412, 48.5876, 301.558, 372.968
7.43793, 195.487, 35.5135, 212.574, 182.412, 48.5876, 301.558, 373.116
7.4843, 195.487, 35.5135, 212.574, 182.412, 48.5876, 301.558, 373.116
7.54365, 195.655, 35.3454, 212.91, 182.412, 48.5876, 301.558, 373.254
7.59044, 195.811, 35.1894, 213.267, 182.412, 48.5876, 301.558, 373.379
7.63561, 195.951, 35.0494, 213.604, 182.412, 48.5876, 301.558, 373.49
7.68825, 196.106, 34.8939, 214.083, 182.412, 48.5876, 301.558, 373.603
7.83752, 195.627, 35.3726, 215.342, 182.412, 48.5876, 301.558, 373.008
7.83793, 195.627, 35.3726, 215.342, 148.164, 82.8357, 261.967, 333.751
7.8857, 195.627, 35.3726, 215.342, 182.412, 48.5876, 301.558, 373.008
7.88599, 195.627, 35.3726, 215.342, 148.164, 82.8357, 261.967, 333.751
7.9413, 195.666, 35.3342, 216.156, 182.412, 48.5876, 301.558, 372.978
7.94157, 195.666, 35.3342, 216.156, 148.551, 82.4491, 261.633, 333.349
7.98642, 195.64, 35.3597, 216.969, 182.412, 48.5876, 301.558, 372.884
7.98674, 195.64, 35.3597, 216.969, 148.07, 82.9304, 262.264, 334.097
8.0404, 195.756, 35.244, 218.917, 182.412, 48.5876, 301.558, 372.847
8.0408, 195.756, 35.244, 218.917, 147.354, 83.6464, 262.993, 335.12
8.09793, 195.756, 35.244, 218.917, 182.412, 48.5876, 301.558, 372.847
8.09821, 195.756, 35.244, 218.917, 147.354, 83.6464, 262.993, 335.12
8.13728, 196.108, 34.8924, 220.967, 182.412, 48.5876, 301.558, 373.05
8.13756, 196.108, 34.8924, 220.967, 146.927, 84.0725, 263.172, 335.724
8.19686, 196.108, 34.8924, 220.967, 182.412, 48.5876, 301.558, 373.05
8.19727, 196.108, 34.8924, 220.967, 146.927, 84.0725, 263.172, 335.724
8.24092, 196.108, 34.8924, 220.967, 182.412, 48.5876, 301.558, 373.05
8.24121, 196.108, 34.8924, 220.967, 146.927, 84.0725, 263.172, 335.724
8.29137, 196.335, 34.665, 224.324, 182.412, 48.5876, 301.558, 373.056
8.29176, 196.335, 34.665, 224.324, 147.713, 83.2869, 260.799, 333.217
8.39429, 196.5, 34.5002, 225.296, 182.412, 48.5876, 301.558, 373.163
8.39488, 196.5, 34.5002, 225.296, 148.507, 82.4935, 259.172, 331.49
8.49591, 196.683, 34.3167, 226.8, 182.412, 48.5876, 301.558, 373.262
8.49633, 196.683, 34.3167, 226.8, 149.624, 81.3763, 256.911, 329.073
8.54156, 196.68, 34.3199, 227.762, 182.412, 48.5876, 301.558, 373.207
8.54183, 196.68, 34.3199, 227.762, 150.488, 80.5118, 254.677, 326.544
8.58981, 196.68, 34.3199, 227.762, 182.412, 48.5876, 301.558, 373.207
8.59017, 196.68, 34.3199, 227.762, 150.488, 80.5118, 254.677, 326.544
8.64437, 196.363, 34.6373, 228.329, 182.412, 48.5876, 301.558, 372.858
8.64464, 196.363, 34.6373, 228.329, 149.485, 81.5152, 253.664, 325.281
8.69621, 196.363, 34.6373, 228.329, 182.412, 48.5876, 301.558, 372.858
8.69652, 196.363, 34.6373, 228.329, 149.485, 81.5152, 253.664, 325.281
8.74359, 196.158, 34.8418, 228.573, 182.412, 48.5876, 301.558, 372.64
8.74386, 196.158, 34.8418, 228.573, 149.834, 81.1657, 251.902, 323.132
8.79334, 195.87, 35.13, 228.635, 182.412, 48.5876, 301.558, 372.347
8.79374, 195.87, 35.13, 228.635, 149.392, 81.6077, 251.176, 322.121
8.8399, 195.341, 35.6585, 228.573, 182.412, 48.5876, 301.558, 371.818
8.84033, 195.341, 35.6585, 228.573, 150.101, 80.8989, 248.51, 318.627
9.0469, 194.484, 36.5161, 229.313, 182.412, 48.5876, 301.558, 370.918
9.04733, 194.484, 36.5161, 229.313, 149.081, 81.9194, 246.185, 315.47
9.09363, 194.484, 36.5161, 229.313, 182.412, 48.5876, 301.558, 370.918
9.09389, 194.484, 36.5161, 229.313, 149.081, 81.9194, 246.185, 315.47
9.14664, 194.367, 36.6327, 229.704, 182.412, 48.5876, 301.558, 370.783
9.14702, 194.367, 36.6327, 229.704, 148.687, 82.3133, 245.716, 314.933
9.20123, 194.109, 36.8906, 230.651, 182.412, 48.5876, 301.558, 370.481
9.20151, 194.109, 36.8906, 230.651, 148.625, 82.3749, 245.565, 314.6
9.24734, 194.109, 36.8906, 230.651, 182.412, 48.5876, 301.558, 370.481
9.24777, 194.109, 36.8906, 230.651, 148.625, 82.3749, 245.565, 314.6
9.29659, 194.063, 36.9368, 231.382, 182.412, 48.5876, 301.558, 370.403
9.29701, 194.063, 36.9368, 231.382, 148.313, 82.6871, 245.264, 314.333
9.3483, 194.038, 36.9618, 232.912, 182.412, 48.5876, 301.558, 370.317
9.34857, 194.038, 36.9618, 232.912, 147.736, 83.2645, 244.79, 314.008
9.39498, 194.038, 36.9618, 232.912, 182.412, 48.5876, 301.558, 370.317
9.39526, 194.038, 36.9618, 232.912, 147.736, 83.2645, 244.79, 314.008
9.49411, 193.804, 37.1955, 234.495, 182.412, 48.5876, 301.558, 370.026
9.49438, 193.804, 37.1955, 234.495, 147.355, 83.6448, 244.411, 313.571
9.54905, 194.362, 36.6377, 235.239, 182.412, 48.5876, 301.558, 370.563
9.54933, 194.362, 36.6377, 235.239, 147.227, 83.7731, 244.254, 314.041
9.74973, 195.613, 35.3868, 236.83, 182.412, 48.5876, 301.558, 371.772
9.75, 195.613, 35.3868, 236.83, 146.924, 84.0762, 243.891, 315.082
9.79728, 195.388, 35.6117, 236.706, 182.412, 48.5876, 301.558, 371.55
9.79756, 195.388, 35.6117, 236.706, 146.924, 84.0762, 243.891, 314.849
9.84969, 195.262, 35.7381, 236.524, 182.412, 48.5876, 301.558, 371.428
9.84998, 195.262, 35.7381, 236.524, 146.924, 84.0762, 243.891, 314.707
9.94784, 195.398, 35.6023, 235.926, 182.412, 48.5876, 301.558, 371.581
9.94822, 195.398, 35.6023, 235.926, 146.924, 84.0762, 243.891, 314.779
9.99493, 195.489, 35.511, 235.429, 182.412, 48.5876, 301.558, 371.688
9.99521, 195.489, 35.511, 235.429, 146.924, 84.0762, 243.891, 314.818
10.0526, 195.579, 35.4206, 235.189, 182.412, 48.5876, 301.558, 371.786
10.0529, 195.579, 35.4206, 235.189, 146.924, 84.0762, 243.891, 314.883
10.249, 195.777, 35.2233, 234.808, 182.412, 48.5876, 301.558, 371.997
10.2493, 195.777, 35.2233, 234.808, 146.924, 84.0762, 243.891, 315.039
10.2999, 195.777, 35.2233, 234.808, 182.412, 48.5876, 301.558, 371.997
10.3003, 195.777, 35.2233, 234.808, 146.924, 84.0762, 243.891, 315.039
10.3481, 195.84, 35.1595, 234.834, 182.412, 48.5876, 301.558, 372.06
10.3483, 195.84, 35.1595, 234.834, 146.924, 84.0762, 243.891, 315.104
10.45, 195.912, 35.088, 234.835, 182.412, 48.5876, 301.558, 372.132
10.4504, 195.912, 35.088, 234.835, 146.924, 84.0762, 243.891, 315.174
10.508, 195.863, 35.137, 234.916, 182.412, 48.5876, 301.558, 372.08
10.5083, 195.863, 35.137, 234.916, 146.924, 84.0762, 243.891, 315.134
10.5504, 195.863, 35.137, 234.916, 182.412, 48.5876, 301.558, 372.08
10.5507, 195.863, 35.137, 234.916, 146.924, 84.0762, 243.891, 315.134
10.6497, 195.732, 35.2685, 234.669, 182.412, 48.5876, 301.558, 371.956
10.65, 195.732, 35.2685, 234.669, 146.924, 84.0762, 243.891, 314.981
10.7501, 195.688, 35.3123, 234.635, 182.412, 48.5876, 301.558, 371.913
10.7505, 195.688, 35.3123, 234.635, 146.924, 84.0762, 243.891, 314.935
10.7993, 195.673, 35.3272, 234.616, 182.412, 48.5876, 301.558, 371.899
10.7997, 195.673, 35.3272, 234.616, 146.924, 84.0762, 243.891, 314.919
10.8571, 195.673, 35.3272, 234.616, 182.412, 48.5876, 301.558, 371.899
10.8575, 195.673, 35.3272, 234.616, 146.924, 84.0762, 243.891, 314.919
10.9057, 195.659, 35.3414, 234.611, 182.412, 48.5876, 301.558, 371.885
10.9059, 195.659, 35.3414, 234.611, 146.924, 84.0762, 243.891, 314.904
10.9575, 195.659, 35.3414, 234.611, 182.412, 48.5876, 301.558, 371.885
10.958, 195.659, 35.3414, 234.611, 146.924, 84.0762, 243.891, 314.904
11.0052, 195.768, 35.2315, 234.741, 182.412, 48.5876, 301.558, 371.991
11.0055, 195.768, 35.2315, 234.741, 152.711, 78.2892, 240.214, 310.492
11.1026, 195.995, 35.0048, 234.634, 182.412, 48.5876, 301.558, 372.222
11.1028, 195.995, 35.0048, 234.634, 152.407, 78.593, 237.961, 308.418
11.1553, 195.995, 35.0048, 234.634, 182.412, 48.5876, 301.558, 372.222
11.1557, 195.995, 35.0048, 234.634, 152.407, 78.593, 237.961, 308.418
11.3518, 196.746, 34.2543, 235.732, 182.412, 48.5876, 301.558, 372.941
11.3522, 196.746, 34.2543, 235.732, 150.523, 80.4774, 234.925, 306.415
11.4022, 196.674, 34.3263, 236.223, 182.412, 48.5876, 301.558, 372.854
11.4029, 196.674, 34.3263, 236.223, 150.377, 80.6227, 234.346, 305.837
11.5531, 196.515, 34.4853, 237.468, 182.412, 48.5876, 301.558, 372.66
11.5535, 196.515, 34.4853, 237.468, 150.25, 80.7502, 233.142, 304.65
11.6032, 196.276, 34.7244, 238.404, 182.412, 48.5876, 301.558, 372.397
11.6037, 196.276, 34.7244, 238.404, 150.443, 80.5572, 232.39, 303.774
11.656, 195.666, 35.334, 240.378, 182.412, 48.5876, 301.558, 371.745
11.6565, 195.666, 35.334, 240.378, 150.951, 80.0488, 230.826, 301.868
11.704, 195.666, 35.334, 240.378, 182.412, 48.5876, 301.558, 371.745
11.7043, 195.666, 35.334, 240.378, 150.951, 80.0488, 230.826, 301.868
11.8034, 194.523, 36.477, 243.933, 182.412, 48.5876, 301.558, 370.556
11.8038, 194.523, 36.477, 243.933, 151.982, 79.0183, 228.286, 298.762
11.9606, 193.624, 37.3761, 245.934, 182.412, 48.5876, 301.558, 369.648
11.9609, 193.624, 37.3761, 245.934, 152.544, 78.4564, 226.648, 296.633
12.0061, 193.25, 37.7501, 246.736, 182.412, 48.5876, 301.558, 369.274
12.0064, 193.25, 37.7501, 246.736, 152.736, 78.2645, 225.706, 295.515
12.0575, 192.692, 38.3077, 247.47, 182.412, 48.5876, 301.558, 368.718
12.0579, 192.692, 38.3077, 247.47, 152.993, 78.0066, 224.538, 294
12.1577, 191.637, 39.3634, 248.745, 182.412, 48.5876, 301.558, 367.669
12.1579, 191.637, 39.3634, 248.745, 153.758, 77.2424, 221.428, 290.287
12.2567, 185.669, 45.3309, 249.768, 178.231, 52.7688, 301.558, 366.799
12.257, 185.669, 45.3309, 249.768, 148.948, 82.0524, 217.557, 286.072
12.3066, 184.882, 46.1182, 250.781, 178.231, 52.7688, 301.558, 366.005
12.3072, 184.882, 46.1182, 250.781, 149.212, 81.7885, 213.136, 281.6
12.3572, 184.882, 46.1182, 250.781, 178.231, 52.7688, 301.558, 366.005
12.3575, 184.882, 46.1182, 250.781, 149.212, 81.7885, 213.136, 281.6
12.4143, 184.17, 46.8302, 251.962, 178.231, 52.7688, 301.558, 365.29
12.4148, 184.17, 46.8302, 251.962, 152.327, 78.6728, 206.577, 275.214
12.4587, 184.17, 46.8302, 251.962, 178.231, 52.7688, 301.558, 365.29
12.459, 184.17, 46.8302, 251.962, 152.327, 78.6728, 206.577, 275.214
12.5064, 183.516, 47.4841, 253.67, 178.231, 52.7688, 301.558, 364.64
12.5067, 183.516, 47.4841, 253.67, 154.536, 76.4641, 200.985, 270.215
12.5606, 183.516, 47.4841, 253.67, 178.231, 52.7688, 301.558, 364.64
12.5609, 183.516, 47.4841, 253.67, 154.536, 76.4641, 200.985, 270.215
12.611, 183.19, 47.8097, 254.904, 178.231, 52.7688, 301.558, 364.323
12.6114, 183.19, 47.8097, 254.904, 155.541, 75.4588, 198.592, 268.267
12.6582, 182.642, 48.3581, 256.299, 178.231, 52.7688, 301.558, 363.79
12.6587, 182.642, 48.3581, 256.299, 156.47, 74.5301, 196.561, 266.525
12.7087, 184.615, 46.3846, 259.28, 178.231, 52.7688, 301.558, 365.807
12.7092, 184.615, 46.3846, 259.28, 157.951, 73.0488, 193.238, 266.612
12.7571, 184.615, 46.3846, 259.28, 178.231, 52.7688, 301.558, 365.807
12.7574, 184.615, 46.3846, 259.28, 157.951, 73.0488, 193.238, 266.612
12.8172, 185.243, 45.7569, 261.186, 178.231, 52.7688, 301.558, 366.475
12.8175, 185.243, 45.7569, 261.186, 158.474, 72.5263, 191.859, 266.777
12.8615, 190.812, 40.1877, 265.354, 182.412, 48.5876, 301.558, 367.349
12.8618, 190.812, 40.1877, 265.354, 165.329, 65.6709, 189.816, 267.461
12.9192, 186.129, 44.8712, 266.165, 178.231, 52.7688, 301.558, 367.514
12.9196, 186.129, 44.8712, 266.165, 159.252, 71.7481, 189.816, 267.897
12.9604, 186.129, 44.8712, 266.165, 178.231, 52.7688, 301.558, 367.514
12.961, 186.129, 44.8712, 266.165, 159.252, 71.7481, 189.816, 267.897
13.0145, 181.366, 49.6345, 250.357, 178.231, 52.7688, 301.558, 362.489
13.0149, 181.366, 49.6345, 250.357, 159.252, 71.7481, 189.816, 257.802
13.06, 181.366, 49.6345, 250.357, 178.231, 52.7688, 301.558, 362.489
13.0604, 181.366, 49.6345, 250.357, 159.252, 71.7481, 189.816, 257.802
13.1096, 178.748, 52.2518, 239.095, 178.231, 52.7688, 301.558, 360.083
13.1099, 178.748, 52.2518, 239.095, 159.252, 71.7481, 189.816, 251.691
13.2651, 178.644, 52.3556, 230.535, 178.231, 52.7688, 301.558, 360.379
13.2654, 178.644, 52.3556, 230.535, 159.252, 71.7481, 189.816, 249.036
13.3136, 178.644, 52.3556, 230.535, 178.231, 52.7688, 301.558, 360.379
13.314, 178.644, 52.3556, 230.535, 159.252, 71.7481, 189.816, 249.036
13.3634, 178.644, 52.3556, 230.535, 178.231, 52.7688, 301.558, 360.379
13.3638, 178.644, 52.3556, 230.535, 159.252, 71.7481, 189.816, 249.036
13.4143, 178.644, 52.3556, 230.535, 178.231, 52.7688, 301.558, 360.379
13.4147, 178.644, 52.3556, 230.535, 159.252, 71.7481, 189.816, 249.036
13.518, 178.644, 52.3556, 230.535, 178.231, 52.7688, 301.558, 360.379
13.5183, 178.644, 52.3556, 230.535, 159.252, 71.7481, 189.816, 249.036
13.6186, 178.644, 52.3556, 230.535, 178.231, 52.7688, 301.558, 360.379
13.6189, 178.644, 52.3556, 230.535, 159.252, 71.7481, 189.816, 249.036
13.6642, 178.644, 52.3556, 230.535, 178.231, 52.7688, 301.558, 360.379
13.6646, 178.644, 52.3556, 230.535, 159.252, 71.7481, 189.816, 249.036
13.7136, 178.644, 52.3556, 230.535, 178.231, 52.7688, 301.558, 360.379
13.714, 178.644, 52.3556, 230.535, 159.252, 71.7481, 189.816, 249.036
13.762, 178.644, 52.3556, 230.535, 178.231, 52.7688, 301.558, 360.379
13.7625, 178.644, 52.3556, 230.535, 159.252, 71.7481, 189.816, 249.036
13.8142, 178.644, 52.3556, 230.535, 178.231, 52.7688, 301.558, 360.379
13.8145, 178.644, 52.3556, 230.535, 159.252, 71.7481, 189.816, 249.036
13.8755, 178.644, 52.3556, 230.535, 178.231, 52.7688, 301.558, 360.379
13.8757, 178.644, 52.3556, 230.535, 159.252, 71.7481, 189.816, 249.036
13.9153, 178.644, 52.3556, 230.535, 178.231, 52.7688, 301.558, 360.379
13.9156, 178.644, 52.3556, 230.535, 159.252, 71.7481, 189.816, 249.036
13.9638, 178.644, 52.3556, 230.535, 178.231, 52.7688, 301.558, 360.379
13.9641, 178.644, 52.3556, 230.535, 159.252, 71.7481, 189.816, 249.036
14.0172, 178.644, 52.3556, 230.535, 178.231, 52.7688, 301.558, 360.379
14.0176, 178.644, 52.3556, 230.535, 159.252, 71.7481, 189.816, 249.036
14.1092, 178.644, 52.3556, 230.535, 178.231, 52.7688, 301.558, 360.379
14.1095, 178.644, 52.3556, 230.535, 159.252, 71.7481, 189.816, 249.036
14.1296, 184.048, 46.9516, 230.535, 182.412, 48.5876, 301.558, 360.379
14.13, 184.048, 46.9516, 230.535, 165.329, 65.6709, 189.816, 249.036
14.1649, 178.644, 52.3556, 230.535, 178.231, 52.7688, 301.558, 360.379
14.1654, 178.644, 52.3556, 230.535, 159.252, 71.7481, 189.816, 249.036
14.214, 184.048, 46.9516, 230.535, 182.412, 48.5876, 301.558, 360.379
14.2143, 184.048, 46.9516, 230.535, 165.329, 65.6709, 189.816, 249.036
14.3754, 184.048, 46.9516, 230.535, 182.412, 48.5876, 301.558, 360.379
14.3757, 184.048, 46.9516, 230.535, 165.329, 65.6709, 189.816, 249.036
14.3761, 184.048, 46.9516, 230.535, 169.392, 61.6076, 312.726, 376.733
14.4655, 184.048, 46.9516, 230.535, 182.412, 48.5876, 301.558, 360.379
14.466, 184.048, 46.9516, 230.535, 165.329, 65.6709, 189.816, 249.036
14.4662, 184.048, 46.9516, 230.535, 168.75, 62.2497, 314.453, 378.925
14.5179, 178.644, 52.3556, 230.535, 178.231, 52.7688, 301.558, 360.379
14.5182, 178.644, 52.3556, 230.535, 159.252, 71.7481, 189.816, 249.036
14.5184, 178.644, 52.3556, 230.535, 163.806, 67.1939, 316.011, 381.003
14.5724, 184.048, 46.9516, 230.535, 182.412, 48.5876, 301.558, 360.379
14.5726, 184.048, 46.9516, 230.535, 165.329, 65.6709, 189.816, 249.036
14.573, 184.048, 46.9516, 230.535, 167.725, 63.2751, 316.011, 381.003
14.6262, 184.048, 46.9516, 230.535, 182.412, 48.5876, 301.558, 360.379
14.6266, 184.048, 46.9516, 230.535, 165.329, 65.6709, 189.816, 249.036
14.627, 184.048, 46.9516, 230.535, 166.535, 64.4654, 317.358, 382.864
14.6678, 178.644, 52.3556, 230.535, 178.231, 52.7688, 301.558, 360.379
14.6683, 178.644, 52.3556, 230.535, 159.252, 71.7481, 189.816, 249.036
14.6686, 178.644, 52.3556, 230.535, 162.239, 68.7615, 318.038, 383.764
14.7167, 178.644, 52.3556, 230.535, 178.231, 52.7688, 301.558, 360.379
14.7171, 178.644, 52.3556, 230.535, 159.252, 71.7481, 189.816, 249.036
14.7175, 178.644, 52.3556, 230.535, 161.587, 69.4128, 318.767, 384.774
14.768, 178.644, 52.3556, 230.535, 178.231, 52.7688, 301.558, 360.379
14.7683, 178.644, 52.3556, 230.535, 159.252, 71.7481, 189.816, 249.036
14.7685, 178.644, 52.3556, 230.535, 161.131, 69.8693, 319.489, 385.735
14.8165, 178.644, 52.3556, 230.535, 178.231, 52.7688, 301.558, 360.379
14.817, 178.644, 52.3556, 230.535, 159.252, 71.7481, 189.816, 249.036
14.8173, 178.644, 52.3556, 230.535, 160.537, 70.4626, 320.542, 387.121
14.8737, 184.048, 46.9516, 230.535, 182.412, 48.5876, 301.558, 360.379
14.8741, 184.048, 46.9516, 230.535, 165.329, 65.6709, 189.816, 249.036
14.8744, 184.048, 46.9516, 230.535, 164.377, 66.6229, 320.542, 387.121
14.9185, 178.644, 52.3556, 230.535, 178.231, 52.7688, 301.558, 360.379
14.9189, 178.644, 52.3556, 230.535, 159.252, 71.7481, 189.816, 249.036
14.9193, 178.644, 52.3556, 230.535, 159.28, 71.7203, 322.96, 390.284
14.9677, 178.644, 52.3556, 230.535, 178.231, 52.7688, 301.558, 360.379
14.9679, 178.644, 52.3556, 230.535, 159.252, 71.7481, 189.816, 249.036
14.9682, 178.644, 52.3556, 230.535, 158.564, 72.4355, 324.462, 392.237
15.0211, 178.644, 52.3556, 230.535, 178.231, 52.7688, 301.558, 360.379
15.0215, 178.644, 52.3556, 230.535, 159.252, 71.7481, 189.816, 249.036
15.0218, 178.644, 52.3556, 230.535, 157.665, 73.3354, 326.059, 394.344
15.1266, 184.048, 46.9516, 230.535, 182.412, 48.5876, 301.558, 360.379
15.127, 184.048, 46.9516, 230.535, 165.329, 65.6709, 189.816, 249.036
15.1272, 184.048, 46.9516, 230.535, 160.825, 70.1755, 329.242, 398.298
15.1724, 178.644, 52.3556, 230.535, 178.231, 52.7688, 301.558, 360.379
15.1728, 178.644, 52.3556, 230.535, 159.252, 71.7481, 189.816, 249.036
15.1732, 178.644, 52.3556, 230.535, 157.135, 73.8651, 329.242, 398.298
15.2819, 178.644, 52.3556, 230.535, 178.231, 52.7688, 301.558, 360.379
15.2823, 178.644, 52.3556, 230.535, 159.252, 71.7481, 189.816, 249.036
15.2827, 178.644, 52.3556, 230.535, 156.541, 74.4593, 331.264, 400.867
15.3193, 178.644, 52.3556, 230.535, 178.231, 52.7688, 301.558, 360.379
15.3197, 178.644, 52.3556, 230.535, 159.252, 71.7481, 189.816, 249.036
15.32, 178.644, 52.3556, 230.535, 156.541, 74.4593, 331.264, 400.867
15.4696, 178.644, 52.3556, 230.535, 178.231, 52.7688, 301.558, 360.379
15.4699, 178.644, 52.3556, 230.535, 226.544, 4.45593, 149.897, 203.916
15.4701, 178.644, 52.3556, 230.535, 155.664, 75.3362, 332.355, 402.361
15.5323, 184.048, 46.9516, 230.535, 182.412, 48.5876, 301.558, 360.379
15.5327, 184.048, 46.9516, 230.535, 217.997, 13.0034, 147.282, 202.796
15.5329, 184.048, 46.9516, 230.535, 158.807, 72.1926, 333.254, 403.545
15.6304, 178.644, 52.3556, 230.535, 178.231, 52.7688, 301.558, 360.379
15.6307, 178.644, 52.3556, 230.535, 224.46, 6.54018, 145.585, 202.154
15.631, 178.644, 52.3556, 230.535, 189.785, 41.2146, 314.543, 372.317
15.674, 184.048, 46.9516, 230.535, 182.412, 48.5876, 301.558, 360.379
15.6743, 184.048, 46.9516, 230.535, 216.709, 14.2906, 144.831, 201.879
15.6747, 184.048, 46.9516, 230.535, 193.69, 37.3102, 314.394, 372.164
15.7211, 178.644, 52.3556, 230.535, 178.231, 52.7688, 301.558, 360.379
15.7213, 178.644, 52.3556, 230.535, 224.047, 6.95346, 144.831, 201.879
15.7216, 178.644, 52.3556, 230.535, 189.71, 41.2904, 314.394, 372.164
15.7853, 184.048, 46.9516, 230.535, 182.412, 48.5876, 301.558, 360.379
15.7858, 184.048, 46.9516, 230.535, 215.622, 15.378, 143.514, 201.382
15.7861, 184.048, 46.9516, 230.535, 193.731, 37.2692, 314.218, 371.942
15.8267, 184.048, 46.9516, 230.535, 182.412, 48.5876, 301.558, 360.379
15.8272, 184.048, 46.9516, 230.535, 214.873, 16.1272, 142.728, 201.098
15.8275, 184.048, 46.9516, 230.535, 193.731, 37.2692, 314.218, 371.942
15.9229, 178.644, 52.3556, 230.535, 178.231, 52.7688, 301.558, 360.379
15.9233, 178.644, 52.3556, 230.535, 220.696, 10.304, 140.7, 200.512
15.9237, 178.644, 52.3556, 230.535, 189.748, 41.2525, 314.218, 371.942
15.9802, 178.644, 52.3556, 230.535, 178.231, 52.7688, 301.558, 360.379
15.9807, 178.644, 52.3556, 230.535, 219.858, 11.142, 139.571, 200.257
15.9811, 178.644, 52.3556, 230.535, 189.748, 41.2525, 314.218, 371.942
16.025, 184.048, 46.9516, 230.535, 182.412, 48.5876, 301.558, 360.379
16.0254, 184.048, 46.9516, 230.535, 211.484, 19.5157, 138.262, 200.034
16.0258, 184.048, 46.9516, 230.535, 193.731, 37.2692, 314.218, 371.942
16.1241, 184.048, 46.9516, 230.535, 182.412, 48.5876, 301.558, 360.379
16.1245, 184.048, 46.9516, 230.535, 210.546, 20.4537, 136.899, 199.869
16.1249, 184.048, 46.9516, 230.535, 193.731, 37.2692, 314.218, 371.942
16.1768, 184.048, 46.9516, 230.535, 182.412, 48.5876, 301.558, 360.379
16.1771, 184.048, 46.9516, 230.535, 208.417, 22.5827, 134.02, 199.777
16.1773, 184.048, 46.9516, 230.535, 193.731, 37.2692, 314.218, 371.942
16.2299, 184.048, 46.9516, 230.535, 182.412, 48.5876, 301.558, 360.379
16.2305, 184.048, 46.9516, 230.535, 207.506, 23.4936, 133.137, 199.84
16.2308, 184.048, 46.9516, 230.535, 193.731, 37.2692, 314.218, 371.942
16.2793, 184.048, 46.9516, 230.535, 182.412, 48.5876, 301.558, 360.379
16.2798, 184.048, 46.9516, 230.535, 207.506, 23.4936, 133.137, 199.84
16.2803, 184.048, 46.9516, 230.535, 193.731, 37.2692, 314.218, 371.942
16.3229, 184.048, 46.9516, 230.535, 182.412, 48.5876, 301.558, 360.379
16.3232, 184.048, 46.9516, 230.535, 207.056, 23.9437, 132.635, 199.895
16.3234, 184.048, 46.9516, 230.535, 193.731, 37.2692, 314.218, 371.942
16.3775, 184.048, 46.9516, 230.535, 182.412, 48.5876, 301.558, 360.379
16.378, 184.048, 46.9516, 230.535, 207.056, 23.9437, 132.635, 199.895
16.3784, 184.048, 46.9516, 230.535, 193.731, 37.2692, 314.218, 371.942
16.4291, 184.048, 46.9516, 230.535, 182.412, 48.5876, 301.558, 360.379
16.4295, 184.048, 46.9516, 230.535, 206.279, 24.7209, 131.793, 200.028
16.4299, 184.048, 46.9516, 230.535, 193.731, 37.2692, 314.218, 371.942
16.4745, 184.048, 46.9516, 230.535, 182.412, 48.5876, 301.558, 360.379
16.4749, 184.048, 46.9516, 230.535, 203.494, 27.5064, 129.172, 200.842
16.4753, 184.048, 46.9516, 230.535, 193.731, 37.2692, 314.218, 371.942
16.5297, 184.048, 46.9516, 230.535, 182.412, 48.5876, 301.558, 360.379
16.53, 184.048, 46.9516, 230.535, 203.494, 27.5064, 129.172, 200.842
16.5302, 184.048, 46.9516, 230.535, 193.731, 37.2692, 314.218, 371.942
16.5759, 184.048, 46.9516, 230.535, 182.412, 48.5876, 301.558, 360.379
16.5761, 184.048, 46.9516, 230.535, 196.562, 34.4382, 123.112, 206.053
16.5764, 184.048, 46.9516, 230.535, 193.731, 37.2692, 314.218, 371.942
16.6251, 184.048, 46.9516, 230.535, 182.412, 48.5876, 301.558, 360.379
16.6254, 184.048, 46.9516, 230.535, 196.562, 34.4382, 123.112, 206.053
16.6256, 184.048, 46.9516, 230.535, 193.731, 37.2692, 314.218, 371.942
16.6753, 184.048, 46.9516, 230.535, 182.412, 48.5876, 301.558, 360.379
16.6756, 184.048, 46.9516, 230.535, 194.424, 36.5757, 122.115, 208.339
16.6758, 184.048, 46.9516, 230.535, 193.731, 37.2692, 314.218, 371.942
16.7319, 184.048, 46.9516, 230.535, 182.412, 48.5876, 301.558, 360.379
16.7325, 184.048, 46.9516, 230.535, 192.725, 38.2754, 121.49, 210.448
16.733, 184.048, 46.9516, 230.535, 193.731, 37.2692, 314.218, 371.942
16.7758, 184.048, 46.9516, 230.535, 182.412, 48.5876, 301.558, 360.379
16.776, 184.048, 46.9516, 230.535, 191.413, 39.587, 120.998, 212.401
16.7763, 184.048, 46.9516, 230.535, 193.731, 37.2692, 314.218, 371.942
16.8349, 184.048, 46.9516, 230.535, 182.412, 48.5876, 301.558, 360.379
16.836, 184.048, 46.9516, 230.535, 190.398, 40.6023, 120.594, 214.185
16.8374, 184.048, 46.9516, 230.535, 193.731, 37.2692, 314.218, 371.942
16.882, 184.048, 46.9516, 230.535, 182.412, 48.5876, 301.558, 360.379
16.8823, 184.048, 46.9516, 230.535, 188.932, 42.0677, 119.991, 217.295
16.8826, 184.048, 46.9516, 230.535, 193.731, 37.2692, 314.218, 371.942
16.931, 184.048, 46.9516, 230.535, 182.412, 48.5876, 301.558, 360.379
16.9313, 184.048, 46.9516, 230.535, 188.932, 42.0677, 119.991, 217.295
16.9315, 184.048, 46.9516, 230.535, 193.731, 37.2692, 314.218, 371.942
16.979, 184.048, 46.9516, 230.535, 182.412, 48.5876, 301.558, 360.379
16.9793, 184.048, 46.9516, 230.535, 188.317, 42.6828, 119.825, 218.676
16.9795, 184.048, 46.9516, 230.535, 193.731, 37.2692, 314.218, 371.942
17.0262, 184.048, 46.9516, 230.535, 182.412, 48.5876, 301.558, 360.379
17.0266, 184.048, 46.9516, 230.535, 187.907, 43.0935, 119.588, 219.932
17.0269, 184.048, 46.9516, 230.535, 193.731, 37.2692, 314.218, 371.942
17.0779, 184.048, 46.9516, 230.535, 182.412, 48.5876, 301.558, 360.379
17.0781, 184.048, 46.9516, 230.535, 187.484, 43.5159, 119.44, 221.134
17.0784, 184.048, 46.9516, 230.535, 193.731, 37.2692, 314.218, 371.942
17.1283, 184.048, 46.9516, 230.535, 182.412, 48.5876, 301.558, 360.379
17.1287, 184.048, 46.9516, 230.535, 187.162, 43.8376, 119.252, 222.302
17.1292, 184.048, 46.9516, 230.535, 193.731, 37.2692, 314.218, 371.942
17.1771, 184.048, 46.9516, 230.535, 182.412, 48.5876, 301.558, 360.379
17.1775, 184.048, 46.9516, 230.535, 186.4, 44.5999, 119.118, 224.629
17.1779, 184.048, 46.9516, 230.535, 193.731, 37.2692, 314.218, 371.942
17.1783, 184.048, 46.9516, 230.535, 135.617, 95.3828, 388.57, 475.935
17.2312, 184.048, 46.9516, 230.535, 182.412, 48.5876, 301.558, 360.379
17.2316, 184.048, 46.9516, 230.535, 186.4, 44.5999, 119.118, 224.629
17.232, 184.048, 46.9516, 230.535, 193.731, 37.2692, 314.218, 371.942
17.2323, 184.048, 46.9516, 230.535, 135.617, 95.3828, 388.57, 475.935
17.2778, 184.048, 46.9516, 230.535, 182.412, 48.5876, 301.558, 360.379
17.2781, 184.048, 46.9516, 230.535, 185.324, 45.6763, 119.839, 225.697
17.2783, 184.048, 46.9516, 230.535, 193.731, 37.2692, 314.218, 371.942
17.2786, 184.048, 46.9516, 230.535, 134.554, 96.4461, 390.375, 478.358
17.3305, 184.048, 46.9516, 230.535, 182.412, 48.5876, 301.558, 360.379
17.3309, 184.048, 46.9516, 230.535, 185.324, 45.6763, 119.839, 225.697
17.3312, 184.048, 46.9516, 230.535, 193.731, 37.2692, 314.218, 371.942
17.3316, 184.048, 46.9516, 230.535, 134.554, 96.4461, 390.375, 478.358
17.3783, 184.048, 46.9516, 230.535, 182.412, 48.5876, 301.558, 360.379
17.3786, 184.048, 46.9516, 230.535, 185.2, 45.8004, 119.616, 226.798
17.379, 184.048, 46.9516, 230.535, 193.731, 37.2692, 314.218, 371.942
17.3794, 184.048, 46.9516, 230.535, 133.377, 97.623, 392.53, 481.239
17.441, 184.048, 46.9516, 230.535, 182.412, 48.5876, 301.558, 360.379
17.4413, 184.048, 46.9516, 230.535, 185.226, 45.7741, 119.436, 227.316
17.4415, 184.048, 46.9516, 230.535, 193.731, 37.2692, 314.218, 371.942
17.4418, 184.048, 46.9516, 230.535, 132.859, 98.1414, 393.724, 482.82
17.4829, 184.048, 46.9516, 230.535, 182.412, 48.5876, 301.558, 360.379
17.4832, 184.048, 46.9516, 230.535, 185.226, 45.7741, 119.436, 227.316
17.4834, 184.048, 46.9516, 230.535, 193.731, 37.2692, 314.218, 371.942
17.4837, 184.048, 46.9516, 230.535, 132.859, 98.1414, 393.724, 482.82
17.54, 184.048, 46.9516, 230.535, 182.412, 48.5876, 301.558, 360.379
17.5404, 184.048, 46.9516, 230.535, 184.277, 46.7233, 120.104, 228.36
17.5408, 184.048, 46.9516, 230.535, 193.731, 37.2692, 314.218, 371.942
17.5411, 184.048, 46.9516, 230.535, 133.49, 97.5105, 393.777, 482.815
17.5797, 184.048, 46.9516, 230.535, 182.412, 48.5876, 301.558, 360.379
17.58, 184.048, 46.9516, 230.535, 179.682, 51.3185, 122.88, 239.931
17.5802, 184.048, 46.9516, 230.535, 193.731, 37.2692, 314.218, 371.942
17.5805, 184.048, 46.9516, 230.535, 134.26, 96.7401, 394.456, 483.59
17.6367, 184.048, 46.9516, 230.535, 182.412, 48.5876, 301.558, 360.379
17.637, 184.048, 46.9516, 230.535, 179.682, 51.3185, 122.88, 239.931
17.6372, 184.048, 46.9516, 230.535, 193.731, 37.2692, 314.218, 371.942
17.6375, 184.048, 46.9516, 230.535, 134.26, 96.7401, 394.456, 483.59
17.6816, 184.048, 46.9516, 230.535, 182.412, 48.5876, 301.558, 360.379
17.6819, 184.048, 46.9516, 230.535, 179.682, 51.3185, 122.88, 239.931
17.6821, 184.048, 46.9516, 230.535, 193.731, 37.2692, 314.218, 371.942
17.6823, 184.048, 46.9516, 230.535, 132.443, 98.5572, 400.169, 491.097
17.6826, 184.048, 46.9516, 230.535, 219.81, 11.1905, 82.7709, 235.811
17.7331, 184.048, 46.9516, 230.535, 182.412, 48.5876, 301.558, 360.379
17.7334, 184.048, 46.9516, 230.535, 179.682, 51.3185, 122.88, 239.931
17.7337, 184.048, 46.9516, 230.535, 193.731, 37.2692, 314.218, 371.942
17.7339, 184.048, 46.9516, 230.535, 132.443, 98.5572, 400.169, 491.097
17.7341, 184.048, 46.9516, 230.535, 219.81, 11.1905, 82.7709, 235.811
17.7809, 184.048, 46.9516, 230.535, 182.412, 48.5876, 301.558, 360.379
17.7813, 184.048, 46.9516, 230.535, 179.682, 51.3185, 122.88, 239.931
17.7817, 184.048, 46.9516, 230.535, 193.731, 37.2692, 314.218, 371.942
17.7819, 184.048, 46.9516, 230.535, 129.742, 101.258, 406.357, 499.327
17.7821, 184.048, 46.9516, 230.535, 219.559, 11.4414, 82.8347, 239.172
17.8409, 184.048, 46.9516, 230.535, 182.412, 48.5876, 301.558, 360.379
17.8413, 184.048, 46.9516, 230.535, 179.682, 51.3185, 122.88, 239.931
17.8415, 184.048, 46.9516, 230.535, 193.731, 37.2692, 314.218, 371.942
17.8418, 184.048, 46.9516, 230.535, 129.742, 101.258, 406.357, 499.327
17.8425, 184.048, 46.9516, 230.535, 219.559, 11.4414, 82.8347, 239.172
17.8852, 184.048, 46.9516, 230.535, 182.412, 48.5876, 301.558, 360.379
17.8857, 184.048, 46.9516, 230.535, 179.682, 51.3185, 122.88, 239.931
17.886, 184.048, 46.9516, 230.535, 193.731, 37.2692, 314.218, 371.942
17.8864, 184.048, 46.9516, 230.535, 127.922, 103.078, 410.837, 505.277
17.8867, 184.048, 46.9516, 230.535, 219.074, 11.9259, 83.3358, 241.888
17.9364, 184.048, 46.9516, 230.535, 182.412, 48.5876, 301.558, 360.379
17.9366, 184.048, 46.9516, 230.535, 179.682, 51.3185, 122.88, 239.931
17.9369, 184.048, 46.9516, 230.535, 193.731, 37.2692, 314.218, 371.942
17.9371, 184.048, 46.9516, 230.535, 127.922, 103.078, 410.837, 505.277
17.9374, 184.048, 46.9516, 230.535, 219.074, 11.9259, 83.3358, 241.888
17.9838, 184.048, 46.9516, 230.535, 182.412, 48.5876, 301.558, 360.379
17.9841, 184.048, 46.9516, 230.535, 179.682, 51.3185, 122.88, 239.931
17.9844, 184.048, 46.9516, 230.535, 193.731, 37.2692, 314.218, 371.942
17.9846, 184.048, 46.9516, 230.535, 126.638, 104.362, 414.165, 509.695
17.9849, 184.048, 46.9516, 230.535, 218.636, 12.3637, 83.8785, 243.997
18.0356, 184.048, 46.9516, 230.535, 182.412, 48.5876, 301.558, 360.379
18.036, 184.048, 46.9516, 230.535, 179.682, 51.3185, 122.88, 239.931
18.0364, 184.048, 46.9516, 230.535, 193.731, 37.2692, 314.218, 371.942
18.0368, 184.048, 46.9516, 230.535, 126.638, 104.362, 414.165, 509.695
18.0372, 184.048, 46.9516, 230.535, 218.636, 12.3637, 83.8785, 243.997
18.0896, 184.048, 46.9516, 230.535, 182.412, 48.5876, 301.558, 360.379
18.09, 184.048, 46.9516, 230.535, 179.682, 51.3185, 122.88, 239.931
18.0904, 184.048, 46.9516, 230.535, 193.731, 37.2692, 314.218, 371.942
18.0908, 184.048, 46.9516, 230.535, 125.913, 105.087, 416.407, 512.659
18.0911, 184.048, 46.9516, 230.535, 218.272, 12.7284, 84.3832, 245.714
18.144, 184.048, 46.9516, 230.535, 182.412, 48.5876, 301.558, 360.379
18.1445, 184.048, 46.9516, 230.535, 179.682, 51.3185, 122.88, 239.931
18.1449, 184.048, 46.9516, 230.535, 193.731, 37.2692, 314.218, 371.942
18.1453, 184.048, 46.9516, 230.535, 125.913, 105.087, 416.407, 512.659
18.1456, 184.048, 46.9516, 230.535, 218.272, 12.7284, 84.3832, 245.714
18.1856, 184.048, 46.9516, 230.535, 182.412, 48.5876, 301.558, 360.379
18.1861, 184.048, 46.9516, 230.535, 179.682, 51.3185, 122.88, 239.931
18.1865, 184.048, 46.9516, 230.535, 193.731, 37.2692, 314.218, 371.942
18.1869, 184.048, 46.9516, 230.535, 125.459, 105.541, 418.383, 515.255
18.1874, 184.048, 46.9516, 230.535, 217.934, 13.0658, 84.9018, 247.388
18.2603, 184.048, 46.9516, 230.535, 182.412, 48.5876, 301.558, 360.379
18.2606, 184.048, 46.9516, 230.535, 179.682, 51.3185, 122.88, 239.931
18.2609, 184.048, 46.9516, 230.535, 193.731, 37.2692, 314.218, 371.942
18.2611, 184.048, 46.9516, 230.535, 125.288, 105.712, 419.199, 516.326
18.2613, 184.048, 46.9516, 230.535, 217.787, 13.2132, 85.1938, 248.495
18.3058, 184.048, 46.9516, 230.535, 182.412, 48.5876, 301.558, 360.379
18.3063, 184.048, 46.9516, 230.535, 179.682, 51.3185, 122.88, 239.931
18.3066, 184.048, 46.9516, 230.535, 193.731, 37.2692, 314.218, 371.942
18.307, 184.048, 46.9516, 230.535, 125.288, 105.712, 419.199, 516.326
18.3073, 184.048, 46.9516, 230.535, 217.787, 13.2132, 85.1938, 248.495
18.3425, 184.048, 46.9516, 230.535, 182.412, 48.5876, 301.558, 360.379
18.3429, 184.048, 46.9516, 230.535, 179.682, 51.3185, 122.88, 239.931
18.3433, 184.048, 46.9516, 230.535, 193.731, 37.2692, 314.218, 371.942
18.3436, 184.048, 46.9516, 230.535, 125.133, 105.867, 420.048, 517.439
18.344, 184.048, 46.9516, 230.535, 217.673, 13.327, 85.5167, 249.884
18.3888, 184.048, 46.9516, 230.535, 182.412, 48.5876, 301.558, 360.379
18.3894, 184.048, 46.9516, 230.535, 179.682, 51.3185, 122.88, 239.931
18.3899, 184.048, 46.9516, 230.535, 193.731, 37.2692, 314.218, 371.942
18.3904, 184.048, 46.9516, 230.535, 124.867, 106.133, 421.743, 519.657
18.3909, 184.048, 46.9516, 230.535, 216.509, 14.4909, 87.1312, 252.607
18.4406, 184.048, 46.9516, 230.535, 182.412, 48.5876, 301.558, 360.379
18.4417, 184.048, 46.9516, 230.535, 179.682, 51.3185, 122.88, 239.931
18.4421, 184.048, 46.9516, 230.535, 193.731, 37.2692, 314.218, 371.942
18.4425, 184.048, 46.9516, 230.535, 124.867, 106.133, 421.743, 519.657
18.4428, 184.048, 46.9516, 230.535, 216.509, 14.4909, 87.1312, 252.607
18.489, 184.048, 46.9516, 230.535, 182.412, 48.5876, 301.558, 360.379
18.4894, 184.048, 46.9516, 230.535, 179.682, 51.3185, 122.88, 239.931
18.4897, 184.048, 46.9516, 230.535, 193.731, 37.2692, 314.218, 371.942
18.4901, 184.048, 46.9516, 230.535, 125.224, 105.776, 421.798, 519.694
18.4903, 184.048, 46.9516, 230.535, 217.565, 13.4347, 86.1347, 252.683
18.541, 184.048, 46.9516, 230.535, 182.412, 48.5876, 301.558, 360.379
18.5413, 184.048, 46.9516, 230.535, 179.682, 51.3185, 122.88, 239.931
18.5415, 184.048, 46.9516, 230.535, 193.731, 37.2692, 314.218, 371.942
18.5418, 184.048, 46.9516, 230.535, 125.295, 105.705, 422.189, 520.193
18.542, 184.048, 46.9516, 230.535, 217.212, 13.788, 86.8855, 254.6
18.6187, 184.048, 46.9516, 230.535, 182.412, 48.5876, 301.558, 360.379
18.6192, 184.048, 46.9516, 230.535, 179.682, 51.3185, 122.88, 239.931
18.6196, 184.048, 46.9516, 230.535, 193.731, 37.2692, 314.218, 371.942
18.6198, 184.048, 46.9516, 230.535, 125.303, 105.697, 422.587, 520.707
18.6201, 184.048, 46.9516, 230.535, 217.061, 13.9385, 87.1821, 255.263
18.6394, 184.048, 46.9516, 230.535, 182.412, 48.5876, 301.558, 360.379
18.6397, 184.048, 46.9516, 230.535, 179.682, 51.3185, 122.88, 239.931
18.6399, 184.048, 46.9516, 230.535, 193.731, 37.2692, 314.218, 371.942
18.6401, 184.048, 46.9516, 230.535, 124.842, 106.158, 424.008, 522.591
18.6404, 184.048, 46.9516, 230.535, 216.903, 14.0969, 87.6665, 256.631
18.689, 184.048, 46.9516, 230.535, 182.412, 48.5876, 301.558, 360.379
18.6893, 184.048, 46.9516, 230.535, 179.682, 51.3185, 122.88, 239.931
18.6895, 184.048, 46.9516, 230.535, 193.731, 37.2692, 314.218, 371.942
18.6897, 184.048, 46.9516, 230.535, 124.842, 106.158, 424.008, 522.591
18.6901, 184.048, 46.9516, 230.535, 216.903, 14.0969, 87.6665, 256.631
18.7421, 184.048, 46.9516, 230.535, 182.412, 48.5876, 301.558, 360.379
18.7423, 184.048, 46.9516, 230.535, 179.682, 51.3185, 122.88, 239.931
18.7426, 184.048, 46.9516, 230.535, 193.731, 37.2692, 314.218, 371.942
18.7428, 184.048, 46.9516, 230.535, 124.37, 106.63, 424.847, 523.725
18.7431, 184.048, 46.9516, 230.535, 216.982, 14.0183, 87.773, 257.331
18.7893, 184.048, 46.9516, 230.535, 182.412, 48.5876, 301.558, 360.379
18.7897, 184.048, 46.9516, 230.535, 179.682, 51.3185, 122.88, 239.931
18.79, 184.048, 46.9516, 230.535, 193.731, 37.2692, 314.218, 371.942
18.7904, 184.048, 46.9516, 230.535, 123.167, 107.833, 426.498, 525.979
18.7908, 184.048, 46.9516, 230.535, 217.187, 13.8132, 87.928, 258.611
18.8362, 184.048, 46.9516, 230.535, 182.412, 48.5876, 301.558, 360.379
18.8367, 184.048, 46.9516, 230.535, 179.682, 51.3185, 122.88, 239.931
18.8371, 184.048, 46.9516, 230.535, 193.731, 37.2692, 314.218, 371.942
18.8374, 184.048, 46.9516, 230.535, 123.167, 107.833, 426.498, 525.979
18.8378, 184.048, 46.9516, 230.535, 217.187, 13.8132, 87.928, 258.611
18.8884, 184.048, 46.9516, 230.535, 182.412, 48.5876, 301.558, 360.379
18.8887, 184.048, 46.9516, 230.535, 179.682, 51.3185, 122.88, 239.931
18.8889, 184.048, 46.9516, 230.535, 193.731, 37.2692, 314.218, 371.942
18.8891, 184.048, 46.9516, 230.535, 122.465, 108.535, 427.296, 527.079
18.8894, 184.048, 46.9516, 230.535, 217.14, 13.8596, 88.1647, 259.296
18.937, 184.048, 46.9516, 230.535, 182.412, 48.5876, 301.558, 360.379
18.9373, 184.048, 46.9516, 230.535, 179.682, 51.3185, 122.88, 239.931
18.9375, 184.048, 46.9516, 230.535, 193.731, 37.2692, 314.218, 371.942
18.9378, 184.048, 46.9516, 230.535, 121.932, 109.068, 428.427, 528.595
18.9382, 184.048, 46.9516, 230.535, 216.997, 14.0026, 88.518, 260.057
18.9933, 184.048, 46.9516, 230.535, 182.412, 48.5876, 301.558, 360.379
18.9936, 184.048, 46.9516, 230.535, 179.682, 51.3185, 122.88, 239.931
18.9938, 184.048, 46.9516, 230.535, 193.731, 37.2692, 314.218, 371.942
18.994, 184.048, 46.9516, 230.535, 121.199, 109.801, 429.537, 530.102
18.9943, 184.048, 46.9516, 230.535, 216.706, 14.2944, 89.0638, 260.982
19.0383, 184.048, 46.9516, 230.535, 182.412, 48.5876, 301.558, 360.379
19.0385, 184.048, 46.9516, 230.535, 179.682, 51.3185, 122.88, 239.931
19.0388, 184.048, 46.9516, 230.535, 193.731, 37.2692, 314.218, 371.942
19.039, 184.048, 46.9516, 230.535, 120.464, 110.536, 430.813, 531.824
19.0393, 184.048, 46.9516, 230.535, 216.706, 14.2944, 89.0638, 260.982
19.091, 184.048, 46.9516, 230.535, 182.412, 48.5876, 301.558, 360.379
19.0914, 184.048, 46.9516, 230.535, 179.682, 51.3185, 122.88, 239.931
19.0918, 184.048, 46.9516, 230.535, 193.731, 37.2692, 314.218, 371.942
19.0921, 184.048, 46.9516, 230.535, 119.469, 111.531, 432.004, 533.458
19.0924, 184.048, 46.9516, 230.535, 216.706, 14.2944, 89.0638, 260.982
19.1387, 184.048, 46.9516, 230.535, 182.412, 48.5876, 301.558, 360.379
19.139, 184.048, 46.9516, 230.535, 179.682, 51.3185, 122.88, 239.931
19.1392, 184.048, 46.9516, 230.535, 193.731, 37.2692, 314.218, 371.942
19.1395, 184.048, 46.9516, 230.535, 117.292, 113.708, 433.446, 535.51
19.1397, 184.048, 46.9516, 230.535, 216.706, 14.2944, 89.0638, 260.982
19.1906, 184.048, 46.9516, 230.535, 182.412, 48.5876, 301.558, 360.379
19.1909, 184.048, 46.9516, 230.535, 179.682, 51.3185, 122.88, 239.931
19.1911, 184.048, 46.9516, 230.535, 193.731, 37.2692, 314.218, 371.942
19.1914, 184.048, 46.9516, 230.535, 117.292, 113.708, 433.446, 535.51
19.1917, 184.048, 46.9516, 230.535, 216.706, 14.2944, 89.0638, 260.982
19.2479, 184.048, 46.9516, 230.535, 182.412, 48.5876, 301.558, 360.379
19.2483, 184.048, 46.9516, 230.535, 179.682, 51.3185, 122.88, 239.931
19.2487, 184.048, 46.9516, 230.535, 193.731, 37.2692, 314.218, 371.942
19.249, 184.048, 46.9516, 230.535, 114.954, 116.046, 433.934, 536.319
19.2493, 184.048, 46.9516, 230.535, 216.706, 14.2944, 89.0638, 260.982
19.297, 184.048, 46.9516, 230.535, 182.412, 48.5876, 301.558, 360.379
19.2974, 184.048, 46.9516, 230.535, 179.682, 51.3185, 122.88, 239.931
19.2978, 184.048, 46.9516, 230.535, 193.731, 37.2692, 314.218, 371.942
19.2982, 184.048, 46.9516, 230.535, 114.954, 116.046, 433.934, 536.319
19.2986, 184.048, 46.9516, 230.535, 216.706, 14.2944, 89.0638, 260.982
19.3397, 184.048, 46.9516, 230.535, 182.412, 48.5876, 301.558, 360.379
19.34, 184.048, 46.9516, 230.535, 179.682, 51.3185, 122.88, 239.931
19.3403, 184.048, 46.9516, 230.535, 193.731, 37.2692, 314.218, 371.942
19.3409, 184.048, 46.9516, 230.535, 113.972, 117.028, 434.179, 536.707
19.3416, 184.048, 46.9516, 230.535, 216.706, 14.2944, 89.0638, 260.982
19.3901, 184.048, 46.9516, 230.535, 182.412, 48.5876, 301.558, 360.379
19.3903, 184.048, 46.9516, 230.535, 179.682, 51.3185, 122.88, 239.931
19.3906, 184.048, 46.9516, 230.535, 193.731, 37.2692, 314.218, 371.942
19.3908, 184.048, 46.9516, 230.535, 112.334, 118.666, 434.632, 537.403
19.391, 184.048, 46.9516, 230.535, 216.706, 14.2944, 89.0638, 260.982
19.4484, 184.048, 46.9516, 230.535, 182.412, 48.5876, 301.558, 360.379
19.4489, 184.048, 46.9516, 230.535, 179.682, 51.3185, 122.88, 239.931
19.4493, 184.048, 46.9516, 230.535, 193.731, 37.2692, 314.218, 371.942
19.4497, 184.048, 46.9516, 230.535, 112.334, 118.666, 434.632, 537.403
19.45, 184.048, 46.9516, 230.535, 216.706, 14.2944, 89.0638, 260.982
19.4915, 184.048, 46.9516, 230.535, 182.412, 48.5876, 301.558, 360.379
19.4918, 184.048, 46.9516, 230.535, 179.682, 51.3185, 122.88, 239.931
19.4922, 184.048, 46.9516, 230.535, 193.731, 37.2692, 314.218, 371.942
19.4926, 184.048, 46.9516, 230.535, 131.137, 99.8632, 434.894, 536.028
19.493, 184.048, 46.9516, 230.535, 216.706, 14.2944, 89.0638, 260.982
19.5396, 184.048, 46.9516, 230.535, 182.412, 48.5876, 301.558, 360.379
19.5399, 184.048, 46.9516, 230.535, 179.682, 51.3185, 122.88, 239.931
19.5403, 184.048, 46.9516, 230.535, 193.731, 37.2692, 314.218, 371.942
19.5407, 184.048, 46.9516, 230.535, 131.987, 99.013, 435.185, 536.303
19.5411, 184.048, 46.9516, 230.535, 216.706, 14.2944, 89.0638, 260.982
19.5899, 184.048, 46.9516, 230.535, 182.412, 48.5876, 301.558, 360.379
19.5902, 184.048, 46.9516, 230.535, 179.682, 51.3185, 122.88, 239.931
19.5904, 184.048, 46.9516, 230.535, 193.731, 37.2692, 314.218, 371.942
19.5907, 184.048, 46.9516, 230.535, 132.726, 98.2741, 435.425, 536.523
19.5909, 184.048, 46.9516, 230.535, 216.706, 14.2944, 89.0638, 260.982
19.642, 184.048, 46.9516, 230.535, 182.412, 48.5876, 301.558, 360.379
19.6424, 184.048, 46.9516, 230.535, 179.682, 51.3185, 122.88, 239.931
19.6428, 184.048, 46.9516, 230.535, 193.731, 37.2692, 314.218, 371.942
19.6432, 184.048, 46.9516, 230.535, 133.923, 97.0766, 435.537, 536.518
19.6436, 184.048, 46.9516, 230.535, 216.706, 14.2944, 89.0638, 260.982
19.7029, 184.048, 46.9516, 230.535, 182.412, 48.5876, 301.558, 360.379
19.7036, 184.048, 46.9516, 230.535, 179.682, 51.3185, 122.88, 239.931
19.7043, 184.048, 46.9516, 230.535, 193.731, 37.2692, 314.218, 371.942
19.7049, 184.048, 46.9516, 230.535, 134.47, 96.5304, 435.724, 536.69
19.7056, 184.048, 46.9516, 230.535, 216.706, 14.2944, 89.0638, 260.982
19.7417, 184.048, 46.9516, 230.535, 182.412, 48.5876, 301.558, 360.379
19.742, 184.048, 46.9516, 230.535, 179.682, 51.3185, 122.88, 239.931
19.7422, 184.048, 46.9516, 230.535, 193.731, 37.2692, 314.218, 371.942
19.7425, 184.048, 46.9516, 230.535, 134.47, 96.5304, 435.724, 536.69
19.7428, 184.048, 46.9516, 230.535, 216.706, 14.2944, 89.0638, 260.982
19.7909, 184.048, 46.9516, 230.535, 182.412, 48.5876, 301.558, 360.379
19.7913, 184.048, 46.9516, 230.535, 179.682, 51.3185, 122.88, 239.931
19.7917, 184.048, 46.9516, 230.535, 193.731, 37.2692, 314.218, 371.942
19.792, 184.048, 46.9516, 230.535, 134.878, 96.1222, 435.373, 536.182
19.7922, 184.048, 46.9516, 230.535, 216.706, 14.2944, 89.0638, 260.982
19.8441, 184.048, 46.9516, 230.535, 182.412, 48.5876, 301.558, 360.379
19.8444, 184.048, 46.9516, 230.535, 179.682, 51.3185, 122.88, 239.931
19.8448, 184.048, 46.9516, 230.535, 193.731, 37.2692, 314.218, 371.942
19.8452, 184.048, 46.9516, 230.535, 134.878, 96.1222, 435.373, 536.182
19.8456, 184.048, 46.9516, 230.535, 216.706, 14.2944, 89.0638, 260.982
19.8924, 184.048, 46.9516, 230.535, 182.412, 48.5876, 301.558, 360.379
19.8927, 184.048, 46.9516, 230.535, 179.682, 51.3185, 122.88, 239.931
19.8929, 184.048, 46.9516, 230.535, 193.731, 37.2692, 314.218, 371.942
19.8932, 184.048, 46.9516, 230.535, 138.814, 92.186, 449.455, 553.965
19.8934, 184.048, 46.9516, 230.535, 216.706, 14.2944, 89.0638, 260.982
19.9444, 184.048, 46.9516, 230.535, 182.412, 48.5876, 301.558, 360.379
19.9446, 184.048, 46.9516, 230.535, 179.682, 51.3185, 122.88, 239.931
19.9448, 184.048, 46.9516, 230.535, 193.731, 37.2692, 314.218, 371.942
19.945, 184.048, 46.9516, 230.535, 140.864, 90.1357, 453.931, 559.501
19.9453, 184.048, 46.9516, 230.535, 216.706, 14.2944, 89.0638, 260.982
19.9913, 184.048, 46.9516, 230.535, 182.412, 48.5876, 301.558, 360.379
19.9916, 184.048, 46.9516, 230.535, 179.682, 51.3185, 122.88, 239.931
19.9918, 184.048, 46.9516, 230.535, 193.731, 37.2692, 314.218, 371.942
19.9921, 184.048, 46.9516, 230.535, 140.864, 90.1357, 453.931, 559.501
19.9923, 184.048, 46.9516, 230.535, 216.706, 14.2944, 89.0638, 260.982
20.0469, 184.048, 46.9516, 230.535, 182.412, 48.5876, 301.558, 360.379
20.0473, 184.048, 46.9516, 230.535, 179.682, 51.3185, 122.88, 239.931
20.0478, 184.048, 46.9516, 230.535, 193.731, 37.2692, 314.218, 371.942
20.0483, 184.048, 46.9516, 230.535, 142.214, 88.7858, 455.52, 561.369
20.0488, 184.048, 46.9516, 230.535, 216.706, 14.2944, 89.0638, 260.982
20.0925, 184.048, 46.9516, 230.535, 182.412, 48.5876, 301.558, 360.379
20.0929, 184.048, 46.9516, 230.535, 179.682, 51.3185, 122.88, 239.931
20.0931, 184.048, 46.9516, 230.535, 193.731, 37.2692, 314.218, 371.942
20.0933, 184.048, 46.9516, 230.535, 142.214, 88.7858, 455.52, 561.369
20.0936, 184.048, 46.9516, 230.535, 216.706, 14.2944, 89.0638, 260.982
20.148, 184.048, 46.9516, 230.535, 182.412, 48.5876, 301.558, 360.379
20.1483, 184.048, 46.9516, 230.535, 179.682, 51.3185, 122.88, 239.931
20.1485, 184.048, 46.9516, 230.535, 193.731, 37.2692, 314.218, 371.942
20.1488, 184.048, 46.9516, 230.535, 143.37, 87.63, 457.102, 563.253
20.149, 184.048, 46.9516, 230.535, 216.706, 14.2944, 89.0638, 260.982
20.196, 184.048, 46.9516, 230.535, 182.412, 48.5876, 301.558, 360.379
20.1965, 184.048, 46.9516, 230.535, 179.682, 51.3185, 122.88, 239.931
20.1967, 184.048, 46.9516, 230.535, 193.731, 37.2692, 314.218, 371.942
20.197, 184.048, 46.9516, 230.535, 143.37, 87.63, 457.102, 563.253
20.1974, 184.048, 46.9516, 230.535, 216.706, 14.2944, 89.0638, 260.982
20.2446, 184.048, 46.9516, 230.535, 182.412, 48.5876, 301.558, 360.379
20.2449, 184.048, 46.9516, 230.535, 179.682, 51.3185, 122.88, 239.931
20.2452, 184.048, 46.9516, 230.535, 193.731, 37.2692, 314.218, 371.942
20.2454, 184.048, 46.9516, 230.535, 142.051, 88.9487, 461.038, 568.61
20.2456, 184.048, 46.9516, 230.535, 216.706, 14.2944, 89.0638, 260.982
20.2983, 184.048, 46.9516, 230.535, 182.412, 48.5876, 301.558, 360.379
20.2988, 184.048, 46.9516, 230.535, 179.682, 51.3185, 122.88, 239.931
20.2992, 184.048, 46.9516, 230.535, 193.731, 37.2692, 314.218, 371.942
20.2997, 184.048, 46.9516, 230.535, 142.569, 88.4308, 460.021, 567.197
20.3001, 184.048, 46.9516, 230.535, 216.706, 14.2944, 89.0638, 260.982
20.3433, 184.048, 46.9516, 230.535, 182.412, 48.5876, 301.558, 360.379
20.3436, 184.048, 46.9516, 230.535, 179.682, 51.3185, 122.88, 239.931
20.3438, 184.048, 46.9516, 230.535, 193.731, 37.2692, 314.218, 371.942
20.3441, 184.048, 46.9516, 230.535, 142.888, 88.1122, 460.694, 568.027
20.3443, 184.048, 46.9516, 230.535, 216.706, 14.2944, 89.0638, 260.982
20.3972, 184.048, 46.9516, 230.535, 182.412, 48.5876, 301.558, 360.379
20.3976, 184.048, 46.9516, 230.535, 179.682, 51.3185, 122.88, 239.931
20.3979, 184.048, 46.9516, 230.535, 193.731, 37.2692, 314.218, 371.942
20.3981, 184.048, 46.9516, 230.535, 143.241, 87.7587, 461.499, 569.025
20.3983, 184.048, 46.9516, 230.535, 216.706, 14.2944, 89.0638, 260.982
20.4447, 184.048, 46.9516, 230.535, 182.412, 48.5876, 301.558, 360.379
20.4451, 184.048, 46.9516, 230.535, 179.682, 51.3185, 122.88, 239.931
20.4454, 184.048, 46.9516, 230.535, 193.731, 37.2692, 314.218, 371.942
20.4458, 184.048, 46.9516, 230.535, 143.241, 87.7587, 461.499, 569.025
20.4462, 184.048, 46.9516, 230.535, 216.706, 14.2944, 89.0638, 260.982
20.4953, 184.048, 46.9516, 230.535, 182.412, 48.5876, 301.558, 360.379
20.4957, 184.048, 46.9516, 230.535, 179.682, 51.3185, 122.88, 239.931
20.4961, 184.048, 46.9516, 230.535, 193.731, 37.2692, 314.218, 371.942
20.4965, 184.048, 46.9516, 230.535, 143.464, 87.5357, 462.085, 569.756
20.4969, 184.048, 46.9516, 230.535, 216.706, 14.2944, 89.0638, 260.982
20.5528, 184.048, 46.9516, 230.535, 182.412, 48.5876, 301.558, 360.379
20.5532, 184.048, 46.9516, 230.535, 179.682, 51.3185, 122.88, 239.931
20.5535, 184.048, 46.9516, 230.535, 193.731, 37.2692, 314.218, 371.942
20.5542, 184.048, 46.9516, 230.535, 143.727, 87.2729, 463.176, 571.142
20.5555, 184.048, 46.9516, 230.535, 216.706, 14.2944, 89.0638, 260.982
20.5921, 184.048, 46.9516, 230.535, 182.412, 48.5876, 301.558, 360.379
20.5926, 184.048, 46.9516, 230.535, 179.682, 51.3185, 122.88, 239.931
20.5932, 184.048, 46.9516, 230.535, 193.731, 37.2692, 314.218, 371.942
20.5937, 184.048, 46.9516, 230.535, 143.727, 87.2729, 463.176, 571.142
20.5942, 184.048, 46.9516, 230.535, 216.706, 14.2944, 89.0638, 260.982
