0.000140429, 99.9241, 131.076, 417.522, 219.789, 11.2107, 112.963, 360.853
0.0597727, 99.9241, 131.076, 417.522, 219.789, 11.2107, 112.963, 360.853
0.105748, 100.203, 130.797, 415.338, 220.773, 10.2265, 113.07, 357.646
0.151303, 100.203, 130.797, 415.338, 220.773, 10.2265, 113.07, 357.646
0.198378, 100.428, 130.572, 412.845, 221.724, 9.27614, 113.291, 354.057
0.251559, 100.428, 130.572, 412.845, 221.724, 9.27614, 113.291, 354.057
0.351832, 101.01, 129.99, 408.467, 222.519, 8.48096, 114.157, 348.119
0.456366, 101.416, 129.584, 405.476, 222.807, 8.19339, 114.934, 344.124
0.502446, 101.624, 129.376, 403.97, 222.889, 8.11121, 115.338, 342.163
0.560855, 102.15, 131.85, 403.97, 233.793, 0.206884, 115.338, 342.163
0.600666, 102.196, 128.804, 400.961, 222.887, 8.11278, 116.14, 338.433
0.652229, 102.196, 128.804, 400.961, 222.887, 8.11278, 116.14, 338.433
0.863314, 103.011, 127.989, 396.397, 223.389, 7.61099, 117.267, 332.492
0.909484, 103.837, 127.163, 394.797, 224, 7.00034, 117.566, 330.31
1.005, 104.225, 126.775, 393.999, 224.485, 6.51451, 117.834, 328.977
1.07624, 105.039, 125.961, 392.042, 225.323, 5.67737, 118.745, 325.747
1.15751, 105.478, 125.522, 390.863, 225.859, 5.14117, 119.203, 323.879
1.20941, 106.559, 124.441, 388.795, 226.609, 4.39063, 120.159, 320.722
1.30784, 107.861, 126.139, 386.606, 229.651, 4.34885, 121.785, 316.752
1.36392, 108.038, 122.962, 385.521, 228.111, 2.88887, 122.678, 314.772
1.46119, 108.415, 122.585, 384.226, 228.56, 2.43998, 123.668, 312.524
1.55791, 109.561, 121.439, 380.189, 229.855, 1.14458, 126.078, 306.27
1.60906, 110.141, 120.859, 378.579, 230.072, 0.928236, 126.859, 304.16
1.66527, 110.695, 120.305, 376.676, 230.393, 0.607069, 127.343, 301.934
1.71336, 111.309, 119.691, 374.556, 230.611, 0.38897, 127.858, 299.556
1.81007, 112.436, 118.564, 369.764, 230.93, 0.0699449, 128.471, 294.61
1.86879, 112.928, 118.072, 367.313, 230.87, 0.129735, 128.538, 292.218
1.91613, 113.694, 117.306, 364.832, 230.652, 0.347629, 128.645, 289.86
1.96761, 114.453, 116.547, 362.367, 230.471, 0.529338, 128.756, 287.539
2.00646, 115.12, 115.88, 360.024, 230.222, 0.778376, 128.851, 285.295
2.06244, 115.816, 115.184, 358.05, 229.897, 1.1033, 128.921, 283.414
2.11077, 116.502, 114.498, 356.043, 229.589, 1.41113, 128.995, 281.512
2.1592, 116.502, 114.498, 356.043, 229.589, 1.41113, 128.995, 281.512
2.25768, 117.905, 113.095, 352.762, 228.924, 2.07588, 129.18, 278.418
2.31349, 119.119, 111.881, 350.631, 228.214, 2.78617, 129.381, 276.382
2.35884, 119.682, 111.318, 349.944, 227.986, 3.01362, 129.587, 275.713
2.4082, 119.314, 114.686, 349.944, 223.537, 10.4626, 129.587, 275.713
2.46344, 120.121, 110.879, 349.447, 227.552, 3.44793, 129.666, 275.183
2.51853, 120.802, 110.198, 348.535, 226.967, 4.03294, 130.037, 274.126
2.56566, 120.99, 110.01, 348.166, 226.595, 4.4053, 130.213, 273.606
2.61194, 120.723, 113.277, 347.815, 221.809, 12.1911, 130.451, 273.053
2.66289, 121.224, 109.776, 347.467, 225.784, 5.21624, 130.784, 272.42
2.76933, 121.362, 109.638, 346.462, 225.031, 5.96922, 131.839, 270.689
2.86033, 121.323, 109.677, 345.179, 224.214, 6.78615, 133.347, 268.407
2.91875, 121.316, 109.684, 344.465, 224.973, 6.02749, 134.319, 267.472
3.06363, 121.363, 109.637, 342.071, 224.692, 6.30841, 138.52, 263.152
3.11128, 121.363, 109.637, 342.071, 224.692, 6.30841, 138.52, 263.152
3.16531, 121.422, 109.578, 340.615, 224.153, 6.84692, 139.278, 261.322
3.21628, 120.896, 113.104, 340.615, 219.933, 14.0672, 139.278, 261.322
3.31236, 121.442, 109.558, 339.369, 220.339, 10.6614, 143.191, 257.703
3.41935, 121.586, 109.414, 337.898, 218.176, 12.8237, 144.877, 255.392
3.46365, 121.157, 112.843, 336.217, 212.94, 21.0598, 146.188, 253.295
3.51411, 121.758, 109.242, 336.217, 216.97, 14.0296, 146.188, 253.295
3.57239, 121.942, 109.058, 335.187, 216.602, 14.3979, 146.712, 252.226
3.61682, 122.193, 108.807, 334.071, 216.393, 14.6072, 147.24, 251.148
3.6683, 122.695, 108.305, 331.265, 216.306, 14.6942, 148.105, 248.603
3.72691, 123.133, 107.867, 329.778, 216.392, 14.6083, 148.644, 247.359
3.77013, 117.601, 107.399, 328.156, 210.477, 14.5234, 148.984, 246.073
3.87374, 124.582, 106.418, 327.887, 216.6, 14.3997, 149.426, 246.271
3.91772, 124.496, 109.504, 325.418, 212.781, 21.2186, 149.795, 244.371
3.96897, 126.499, 104.501, 320.427, 217.085, 13.9152, 150.514, 240.495
4.07668, 127.033, 103.967, 318.135, 217.173, 13.8269, 151.05, 238.678
4.1184, 128.012, 102.988, 313.92, 217.172, 13.8276, 151.949, 235.389
4.17322, 128.392, 102.608, 312.081, 217.037, 13.963, 152.42, 233.928
4.22919, 128.392, 102.608, 312.081, 217.037, 13.963, 152.42, 233.928
4.27036, 129.177, 101.823, 308.957, 216.507, 14.4931, 153.31, 231.539
4.31738, 129.177, 101.823, 308.957, 216.507, 14.4931, 153.31, 231.539
4.37491, 129.997, 101.003, 306.592, 215.914, 15.0857, 154.697, 229.836
4.42111, 130.436, 100.564, 305.681, 217.202, 13.7981, 155.56, 229.317
4.47197, 130.436, 100.564, 305.681, 217.202, 13.7981, 155.56, 229.317
4.57438, 131.842, 99.1577, 303.993, 216.693, 14.3068, 158.58, 228.579
4.62197, 132.352, 98.6476, 303.663, 216.333, 14.6667, 160.011, 228.584
4.67774, 132.352, 98.6476, 303.663, 216.333, 14.6667, 160.011, 228.584
4.72247, 133.139, 97.8612, 302.93, 215.385, 15.6147, 162.626, 228.492
4.77805, 133.771, 97.2294, 302.538, 214.879, 16.1212, 163.889, 228.637
4.87114, 134.896, 96.1037, 301.668, 214.071, 16.9295, 166.427, 228.87
5.02554, 136.389, 94.6113, 299.721, 213.216, 17.7841, 169.378, 228.723
5.07343, 136.984, 94.0162, 299.067, 212.956, 18.0439, 169.998, 228.741
5.12742, 137.54, 93.4602, 298.289, 212.728, 18.2717, 170.461, 228.629
5.18088, 138.106, 92.894, 297.681, 212.49, 18.5102, 170.887, 228.658
5.2358, 138.106, 92.894, 297.681, 212.49, 18.5102, 170.887, 228.658
5.32779, 139.838, 91.1618, 295.188, 211.677, 19.3226, 171.712, 228.27
5.37454, 140.582, 90.4185, 294.113, 211.394, 19.6057, 171.896, 228.088
5.43274, 140.582, 90.4185, 294.113, 211.394, 19.6057, 171.896, 228.088
5.47479, 141.983, 89.0173, 291.712, 210.702, 20.2982, 172.233, 227.52
5.53034, 142.758, 88.2425, 290.327, 210.336, 20.6637, 172.396, 227.18
5.57603, 143.465, 87.5347, 288.822, 209.997, 21.0033, 172.66, 226.743
5.68304, 144.799, 86.201, 285.021, 209.354, 21.6456, 173.156, 225.305
5.73263, 145.405, 85.5951, 283.018, 209.062, 21.9384, 173.501, 224.529
5.77455, 145.08, 85.9203, 281.689, 208.822, 22.1779, 173.926, 223.53
5.83374, 145.08, 85.9203, 281.689, 208.822, 22.1779, 173.926, 223.53
5.87765, 142.486, 88.5136, 276.881, 201.925, 29.0754, 175.028, 222.304
5.98196, 144.351, 86.6492, 272.691, 201.406, 29.5944, 176.613, 221.813
6.03135, 145.211, 85.789, 270.785, 201.02, 29.9798, 177.565, 221.787
6.12939, 146.951, 84.0485, 267.96, 200.085, 30.9153, 180.008, 222.757
6.17922, 147.718, 83.2821, 266.816, 200.711, 30.2886, 181.181, 223.157
6.23596, 147.718, 83.2821, 266.816, 200.711, 30.2886, 181.181, 223.157
6.27619, 148.873, 82.1269, 265.194, 199.403, 31.5971, 184.539, 225.124
6.33335, 149.241, 81.7592, 264.639, 198.955, 32.0448, 186.23, 226.109
6.38181, 149.5, 81.5002, 264.211, 198.666, 32.3343, 187.867, 227.044
6.43051, 149.728, 81.2716, 263.826, 198.459, 32.5405, 189.314, 227.885
6.48634, 149.728, 81.2716, 263.826, 198.459, 32.5405, 189.314, 227.885
6.5355, 150.029, 80.9708, 263.268, 198.205, 32.7954, 191.364, 229.087
6.57866, 150.122, 80.8777, 262.933, 198.111, 32.8895, 192.026, 229.409
6.62824, 150.122, 80.8777, 262.933, 198.111, 32.8895, 192.026, 229.409
6.67819, 150.182, 80.8177, 262.054, 198.084, 32.9162, 193.341, 229.821
6.73284, 150.223, 80.7766, 261.423, 198.084, 32.9157, 193.917, 229.904
6.7887, 150.295, 80.7047, 260.822, 198.122, 32.8783, 194.433, 229.99
6.8814, 150.409, 80.5908, 259.677, 198.342, 32.658, 195.63, 230.251
6.93151, 150.399, 80.6006, 258.643, 198.463, 32.5373, 196.244, 230.13
6.98063, 150.451, 80.5489, 257.747, 198.463, 32.5373, 196.244, 229.773
7.03923, 150.491, 80.5088, 256.834, 198.463, 32.5373, 196.244, 229.401
7.08967, 150.515, 80.4847, 255.71, 198.463, 32.5373, 196.244, 228.924
7.13615, 150.572, 80.4276, 254.475, 200.05, 30.9502, 197.991, 229.186
7.19854, 150.596, 80.4038, 253.021, 200.088, 30.9119, 198.544, 228.949
7.2349, 150.596, 80.4038, 253.021, 200.088, 30.9119, 198.544, 228.949
7.28735, 150.626, 80.3736, 249.487, 199.782, 31.2181, 199.24, 228.072
7.34927, 151.415, 79.585, 249.299, 199.442, 31.5584, 199.586, 229.052
7.38738, 151.415, 79.585, 249.299, 199.442, 31.5584, 199.586, 229.052
7.43218, 152.564, 78.4355, 244.648, 198.819, 32.181, 200.676, 229.259
7.48714, 152.564, 78.4355, 244.648, 198.819, 32.181, 200.676, 229.259
7.54204, 153.656, 77.3437, 240.466, 198.352, 32.6481, 202.481, 230.259
7.59353, 154.126, 76.8744, 238.77, 198.217, 32.7829, 203.695, 231.109
7.68386, 154.524, 76.4757, 237.174, 198.186, 32.8139, 205.142, 232.128
7.73377, 154.997, 76.0031, 234.867, 198.247, 32.7528, 208.147, 234.32
7.79589, 155.11, 75.8903, 233.973, 198.316, 32.6839, 209.632, 235.401
7.84187, 155.181, 75.8189, 233.332, 198.341, 32.659, 211.004, 236.456
7.88503, 155.181, 75.8189, 233.332, 198.341, 32.659, 211.004, 236.456
7.94447, 155.515, 75.4846, 232.424, 198.26, 32.7403, 213.12, 238.397
7.98513, 155.515, 75.4846, 232.424, 198.26, 32.7403, 213.12, 238.397
8.0415, 155.977, 75.0231, 231.845, 198.057, 32.9429, 214.389, 239.875
8.08733, 155.977, 75.0231, 231.845, 198.057, 32.9429, 214.389, 239.875
8.13659, 156.584, 74.4164, 231.133, 197.851, 33.1486, 215.08, 240.96
8.18724, 156.584, 74.4164, 231.133, 197.851, 33.1486, 215.08, 240.96
8.23648, 157.327, 73.6728, 230.392, 197.655, 33.3453, 215.268, 241.726
8.29954, 157.699, 73.3013, 229.916, 197.57, 33.4297, 215.275, 242.002
8.33945, 157.89, 73.11, 229.263, 197.529, 33.4715, 215.336, 242.099
8.38719, 157.89, 73.11, 229.263, 197.529, 33.4715, 215.336, 242.099
8.44573, 163.818, 67.182, 227.699, 203.099, 27.9013, 215.253, 242.186
8.49192, 158.602, 72.3978, 226.873, 197.351, 33.6491, 215.282, 242.237
8.54098, 158.662, 72.3378, 226.062, 197.28, 33.7198, 215.267, 242.12
8.58933, 158.662, 72.3378, 226.062, 197.28, 33.7198, 215.267, 242.12
8.64555, 158.706, 72.2935, 224.582, 197.022, 33.9781, 215.245, 241.899
8.68903, 158.706, 72.2935, 224.582, 197.022, 33.9781, 215.245, 241.899
8.74427, 158.64, 72.3602, 223.519, 196.917, 34.0834, 215.492, 241.87
8.83978, 158.579, 72.4212, 223.177, 196.845, 34.1554, 215.591, 241.855
8.89085, 158.367, 72.6334, 222.977, 196.59, 34.4105, 215.764, 241.854
8.94537, 158.182, 72.8175, 222.908, 196.501, 34.4988, 215.832, 241.754
8.98906, 158.182, 72.8175, 222.908, 196.501, 34.4988, 215.832, 241.754
9.04523, 157.866, 73.134, 223.148, 196.364, 34.6359, 215.872, 241.58
9.09698, 157.633, 73.3666, 223.356, 196.286, 34.714, 215.762, 241.32
9.14304, 157.442, 73.5582, 223.621, 196.22, 34.7799, 215.649, 241.107
9.19403, 157.249, 73.7512, 223.923, 196.234, 34.7663, 215.612, 240.944
9.24069, 157.03, 73.9696, 224.131, 196.248, 34.7521, 215.557, 240.721
9.29927, 156.858, 74.1422, 224.329, 196.305, 34.6949, 215.486, 240.512
9.34401, 156.728, 74.2723, 224.564, 196.357, 34.643, 215.423, 240.362
9.3969, 156.581, 74.4186, 224.814, 196.344, 34.6564, 215.33, 240.193
9.44254, 156.581, 74.4186, 224.814, 196.344, 34.6564, 215.33, 240.193
9.4991, 156.468, 74.5324, 225.044, 196.378, 34.6219, 215.251, 240.049
9.55134, 156.386, 74.614, 225.21, 196.411, 34.5892, 215.195, 239.945
9.595, 156.279, 74.7208, 225.423, 196.459, 34.5406, 215.125, 239.808
9.64745, 156.279, 74.7208, 225.423, 196.459, 34.5406, 215.125, 239.808
9.69542, 156.25, 74.7496, 225.472, 196.467, 34.5331, 215.054, 239.723
9.89777, 156.185, 74.8146, 225.877, 196.584, 34.4158, 215.019, 239.681
9.94791, 156.06, 74.9403, 225.928, 196.614, 34.3859, 215.008, 239.552
10.0486, 155.977, 75.0234, 226.107, 196.755, 34.2451, 215.018, 239.475
10.1513, 155.724, 75.2763, 226.319, 196.783, 34.2172, 215.146, 239.387
10.2562, 155.694, 75.3065, 226.34, 196.816, 34.1839, 215.105, 239.315
10.3516, 155.714, 75.2862, 226.566, 196.876, 34.1237, 215.081, 239.345
10.3995, 155.47, 75.5296, 226.613, 196.908, 34.0918, 215.048, 239.079
10.4515, 155.47, 75.5296, 226.613, 196.908, 34.0918, 215.048, 239.079
10.4976, 155.39, 75.6102, 226.752, 196.925, 34.0747, 215.021, 239.003
10.557, 155.39, 75.6102, 226.752, 196.925, 34.0747, 215.021, 239.003
10.6051, 155.39, 75.6102, 226.985, 196.942, 34.0579, 214.874, 238.917
10.7188, 155.444, 75.556, 226.95, 196.945, 34.0547, 214.909, 238.993
10.7403, 155.454, 75.5462, 226.971, 196.961, 34.0385, 214.994, 239.079
10.7652, 155.462, 75.5384, 227.021, 196.986, 34.0136, 215.114, 239.2
10.8032, 155.517, 75.483, 227.084, 196.996, 34.0043, 215.171, 239.318
10.8622, 155.517, 75.483, 227.084, 196.996, 34.0043, 215.171, 239.318
10.9046, 155.564, 75.4364, 227.12, 197.095, 33.9048, 215.463, 239.605
10.9555, 155.508, 75.4923, 227.052, 197.148, 33.8516, 215.543, 239.591
11.0035, 155.508, 75.4923, 227.052, 197.148, 33.8516, 215.543, 239.591
11.0534, 155.56, 75.4404, 227.17, 197.146, 33.8544, 215.601, 239.723
11.1067, 155.462, 75.5382, 227.145, 197.255, 33.7451, 215.819, 239.787
11.1585, 155.462, 75.5382, 227.145, 197.255, 33.7451, 215.819, 239.787
11.2008, 155.482, 75.5175, 227.092, 197.325, 33.6752, 216.099, 240.029
11.2505, 155.482, 75.5175, 227.092, 197.325, 33.6752, 216.099, 240.029
11.3014, 155.644, 75.3557, 227.093, 197.42, 33.5801, 216.482, 240.507
11.3534, 155.644, 75.3557, 227.093, 197.42, 33.5801, 216.482, 240.507
11.4544, 155.746, 75.2545, 227.033, 197.511, 33.4891, 216.896, 240.944
11.5022, 155.76, 75.2397, 226.746, 197.658, 33.3425, 217.661, 241.554
11.5552, 155.76, 75.2397, 226.746, 197.658, 33.3425, 217.661, 241.554
11.6028, 155.696, 75.3045, 226.348, 197.844, 33.1562, 218.71, 242.319
11.6612, 161.004, 69.9959, 226.069, 203.55, 27.4501, 219.37, 242.718
11.7023, 155.428, 75.5718, 225.97, 197.982, 33.0176, 220.095, 243.232
11.7558, 155.268, 75.7324, 225.606, 197.944, 33.0564, 220.867, 243.743
11.8151, 154.931, 76.0686, 225.058, 197.974, 33.0258, 221.8, 244.181
11.9606, 159.892, 71.1085, 222.288, 203.569, 27.4306, 224.768, 245.972
12.0618, 159.649, 71.3506, 219.811, 203.35, 27.6499, 226.337, 246.894
12.2562, 154.343, 76.6565, 215.087, 197.381, 33.6192, 228.028, 248.321
12.3049, 154.948, 76.0516, 211.387, 196.763, 34.2365, 229.019, 249.71
12.4634, 156.188, 74.8122, 206.397, 196.187, 34.8132, 230.193, 251.888
12.5104, 156.592, 74.4082, 205.149, 196.079, 34.9211, 230.637, 252.7
12.5598, 157.071, 73.9294, 204.022, 196.049, 34.9511, 231.174, 253.678
12.6574, 157.597, 73.4031, 202.962, 196.108, 34.8922, 231.861, 254.849
12.7093, 158.641, 72.3594, 200.987, 195.881, 35.1187, 233.383, 257.511
12.7628, 159.179, 71.8206, 199.929, 195.83, 35.1704, 234.405, 259.14
12.8071, 159.762, 71.2378, 198.92, 195.728, 35.2721, 235.574, 261.01
12.86, 160.386, 70.6142, 197.887, 195.586, 35.4137, 236.878, 263.103
12.9078, 161.071, 69.9292, 196.868, 195.219, 35.7811, 238.347, 265.545
12.9584, 161.071, 69.9292, 196.868, 195.219, 35.7811, 238.347, 265.545
13.017, 162.577, 68.4229, 194.502, 194.95, 36.0497, 241.765, 271.003
13.0595, 168.577, 62.4234, 194.502, 200.201, 30.799, 241.765, 271.003
13.116, 163.912, 67.0885, 191.852, 194.872, 36.1282, 242.447, 273.174
13.2147, 165.459, 65.5412, 188.373, 194.872, 36.1282, 242.447, 274.8
13.2669, 166.305, 64.6946, 186.474, 194.872, 36.1282, 242.447, 275.71
13.3101, 167.2, 63.8, 184.219, 194.872, 36.1282, 242.447, 276.697
13.3646, 168.032, 62.9684, 181.742, 194.872, 36.1282, 242.447, 277.652
13.4138, 168.812, 62.1878, 179.029, 194.872, 36.1282, 242.447, 278.595
13.4627, 168.812, 62.1878, 179.029, 194.872, 36.1282, 242.447, 278.595
13.5143, 169.83, 61.1696, 176.202, 194.872, 36.1282, 242.447, 279.812
13.5612, 170.93, 60.0705, 173.434, 194.872, 36.1282, 242.447, 281.136
13.6178, 172.16, 58.8405, 170.738, 194.872, 36.1282, 242.447, 282.614
13.6649, 174.136, 56.864, 165.647, 194.872, 36.1282, 242.447, 285.132
13.7634, 175.933, 55.0667, 180.977, 194.872, 36.1282, 242.447, 285.638
13.8189, 175.933, 55.0667, 180.977, 194.872, 36.1282, 242.447, 285.638
13.8681, 177.159, 53.8411, 181.346, 194.872, 36.1282, 242.447, 286.85
13.9139, 177.159, 53.8411, 181.346, 194.872, 36.1282, 242.447, 286.85
13.9634, 180.841, 53.1588, 182.073, 197.872, 36.1282, 242.447, 287.496
14.0171, 177.841, 53.1588, 182.073, 194.872, 36.1282, 242.447, 287.496
14.063, 178.255, 52.7453, 182.794, 194.872, 36.1282, 242.447, 287.874
14.1237, 178.381, 52.6193, 183.155, 194.872, 36.1282, 242.447, 287.982
14.168, 178.381, 52.6193, 183.155, 174.49, 56.5097, 216.166, 264.537
14.2177, 178.381, 52.6193, 183.155, 174.49, 56.5097, 216.166, 264.537
14.2663, 178.381, 52.6193, 183.155, 173.295, 57.7054, 216.846, 265.629
14.3152, 178.381, 52.6193, 183.155, 173.295, 57.7054, 216.846, 265.629
14.3734, 178.381, 52.6193, 183.155, 173.295, 57.7054, 216.846, 265.629
14.3738, 178.381, 52.6193, 183.155, 177.221, 53.7789, 276.088, 334.538
14.4195, 178.381, 52.6193, 183.155, 173.295, 57.7054, 216.846, 265.629
14.4199, 178.381, 52.6193, 183.155, 174.568, 56.4321, 279.146, 339.072
14.5159, 178.381, 52.6193, 183.155, 173.295, 57.7054, 216.846, 265.629
14.5162, 178.381, 52.6193, 183.155, 173.469, 57.5314, 283.994, 345.385
14.5889, 178.381, 52.6193, 183.155, 173.295, 57.7054, 216.846, 265.629
14.5893, 178.381, 52.6193, 183.155, 172.317, 58.6829, 288.177, 350.906
14.6179, 178.381, 52.6193, 183.155, 173.295, 57.7054, 216.846, 265.629
14.6183, 178.381, 52.6193, 183.155, 170.472, 60.5277, 294.617, 359.45
14.6749, 178.381, 52.6193, 183.155, 173.295, 57.7054, 216.846, 265.629
14.6751, 178.381, 52.6193, 183.155, 169.713, 61.2868, 297.191, 362.88
14.9657, 178.381, 52.6193, 183.155, 173.295, 57.7054, 216.846, 265.629
14.9661, 178.381, 52.6193, 183.155, 168.242, 62.7583, 301.996, 369.306
15.1629, 178.381, 52.6193, 183.155, 173.295, 57.7054, 216.846, 265.629
15.1633, 178.381, 52.6193, 183.155, 167.196, 63.8038, 303.954, 372.04
15.1839, 178.381, 52.6193, 183.155, 173.295, 57.7054, 216.846, 265.629
15.1842, 178.381, 52.6193, 183.155, 165.022, 65.9777, 307.109, 376.559
15.2051, 178.381, 52.6193, 183.155, 173.295, 57.7054, 216.846, 265.629
15.2055, 178.381, 52.6193, 183.155, 164.528, 66.4715, 307.903, 377.682
15.2252, 184.602, 46.3975, 183.155, 178.925, 52.0754, 216.846, 265.629
15.2256, 184.602, 46.3975, 183.155, 168.207, 62.7926, 308.677, 378.75
15.2447, 178.381, 52.6193, 183.155, 173.295, 57.7054, 216.846, 265.629
15.2451, 178.381, 52.6193, 183.155, 164.163, 66.8372, 308.677, 378.75
15.269, 178.381, 52.6193, 183.155, 173.295, 57.7054, 216.846, 265.629
15.2694, 178.381, 52.6193, 183.155, 164.163, 66.8372, 308.677, 378.75
15.5597, 178.381, 52.6193, 183.155, 173.295, 57.7054, 216.846, 265.629
15.5603, 178.381, 52.6193, 183.155, 163.274, 67.7256, 310.352, 381.082
15.579, 178.381, 52.6193, 183.155, 173.295, 57.7054, 216.846, 265.629
15.5793, 178.381, 52.6193, 183.155, 161.087, 69.9135, 314.997, 387.487
15.6211, 178.381, 52.6193, 183.155, 173.295, 57.7054, 216.846, 265.629
15.6213, 178.381, 52.6193, 183.155, 161.087, 69.9135, 314.997, 387.487
15.7411, 178.381, 52.6193, 183.155, 173.295, 57.7054, 216.846, 265.629
15.7415, 178.381, 52.6193, 183.155, 161.087, 69.9135, 314.997, 387.487
15.7613, 178.381, 52.6193, 183.155, 173.295, 57.7054, 216.846, 265.629
15.7618, 178.381, 52.6193, 183.155, 157.309, 73.6907, 324.41, 400.327
15.7624, 178.381, 52.6193, 183.155, 188.219, 42.781, 109.832, 169.119
15.7839, 178.381, 52.6193, 183.155, 173.295, 57.7054, 216.846, 265.629
15.7844, 178.381, 52.6193, 183.155, 157.309, 73.6907, 324.41, 400.327
15.7847, 178.381, 52.6193, 183.155, 188.219, 42.781, 109.832, 169.119
15.8087, 178.381, 52.6193, 183.155, 173.295, 57.7054, 216.846, 265.629
15.8093, 178.381, 52.6193, 183.155, 157.309, 73.6907, 324.41, 400.327
15.8098, 178.381, 52.6193, 183.155, 188.219, 42.781, 109.832, 169.119
15.8357, 178.381, 52.6193, 183.155, 173.295, 57.7054, 216.846, 265.629
15.8362, 178.381, 52.6193, 183.155, 156.948, 74.0523, 325.351, 401.609
15.8368, 178.381, 52.6193, 183.155, 188.535, 42.4648, 109.411, 168.866
15.8556, 178.381, 52.6193, 183.155, 173.295, 57.7054, 216.846, 265.629
15.8561, 178.381, 52.6193, 183.155, 156.948, 74.0523, 325.351, 401.609
15.8567, 178.381, 52.6193, 183.155, 188.535, 42.4648, 109.411, 168.866
15.8749, 178.381, 52.6193, 183.155, 173.295, 57.7054, 216.846, 265.629
15.8755, 178.381, 52.6193, 183.155, 156.948, 74.0523, 325.351, 401.609
15.8761, 178.381, 52.6193, 183.155, 188.535, 42.4648, 109.411, 168.866
15.8952, 178.381, 52.6193, 183.155, 173.295, 57.7054, 216.846, 265.629
15.8956, 178.381, 52.6193, 183.155, 156.948, 74.0523, 325.351, 401.609
15.896, 178.381, 52.6193, 183.155, 188.535, 42.4648, 109.411, 168.866
16.1196, 178.381, 52.6193, 183.155, 173.295, 57.7054, 216.846, 265.629
16.1202, 178.381, 52.6193, 183.155, 155.995, 75.0047, 328.65, 406.04
16.1208, 178.381, 52.6193, 183.155, 189.999, 41.0014, 107.487, 167.746
16.1395, 178.381, 52.6193, 183.155, 173.295, 57.7054, 216.846, 265.629
16.1402, 178.381, 52.6193, 183.155, 155.651, 75.3487, 330.112, 407.989
16.1408, 178.381, 52.6193, 183.155, 190.53, 40.4698, 105.633, 166.903
16.1633, 184.602, 46.3975, 183.155, 178.925, 52.0754, 216.846, 265.629
16.1636, 184.602, 46.3975, 183.155, 159.326, 71.6741, 330.112, 407.989
16.1639, 184.602, 46.3975, 183.155, 198.176, 32.8243, 105.633, 166.903
16.1877, 178.381, 52.6193, 183.155, 173.295, 57.7054, 216.846, 265.629
16.1879, 178.381, 52.6193, 183.155, 155.44, 75.5604, 330.801, 408.918
16.1882, 178.381, 52.6193, 183.155, 190.857, 40.1427, 104.524, 166.422
16.2091, 178.381, 52.6193, 183.155, 173.295, 57.7054, 216.846, 265.629
16.2095, 178.381, 52.6193, 183.155, 155.44, 75.5604, 330.801, 408.918
16.2098, 178.381, 52.6193, 183.155, 190.857, 40.1427, 104.524, 166.422
16.2334, 175.381, 52.6193, 183.155, 170.295, 57.7054, 216.846, 265.629
16.2337, 175.381, 52.6193, 183.155, 152.44, 75.5604, 330.801, 408.918
16.234, 175.381, 52.6193, 183.155, 187.857, 40.1427, 104.524, 166.422
16.4259, 178.381, 52.6193, 183.155, 173.295, 57.7054, 216.846, 265.629
16.4263, 178.381, 52.6193, 183.155, 155.44, 75.5604, 330.801, 408.918
16.4265, 178.381, 52.6193, 183.155, 191.37, 39.6299, 103.326, 165.894
16.4472, 178.381, 52.6193, 183.155, 173.295, 57.7054, 216.846, 265.629
16.4476, 178.381, 52.6193, 183.155, 155.44, 75.5604, 330.801, 408.918
16.4479, 178.381, 52.6193, 183.155, 192.386, 38.6137, 97.0213, 163.786
16.4695, 178.381, 52.6193, 183.155, 173.295, 57.7054, 216.846, 265.629
16.47, 178.381, 52.6193, 183.155, 155.44, 75.5604, 330.801, 408.918
16.4703, 178.381, 52.6193, 183.155, 191.501, 39.4988, 95.1656, 163.443
16.4889, 178.381, 52.6193, 183.155, 173.295, 57.7054, 216.846, 265.629
16.4893, 178.381, 52.6193, 183.155, 155.44, 75.5604, 330.801, 408.918
16.4897, 178.381, 52.6193, 183.155, 191.501, 39.4988, 95.1656, 163.443
16.5101, 178.381, 52.6193, 183.155, 173.295, 57.7054, 216.846, 265.629
16.5108, 178.381, 52.6193, 183.155, 155.44, 75.5604, 330.801, 408.918
16.5114, 178.381, 52.6193, 183.155, 191.501, 39.4988, 95.1656, 163.443
16.5325, 178.381, 52.6193, 183.155, 173.295, 57.7054, 216.846, 265.629
16.5331, 178.381, 52.6193, 183.155, 155.44, 75.5604, 330.801, 408.918
16.5335, 178.381, 52.6193, 183.155, 191.501, 39.4988, 95.1656, 163.443
16.7286, 178.381, 52.6193, 183.155, 173.295, 57.7054, 216.846, 265.629
16.729, 178.381, 52.6193, 183.155, 152.825, 78.1751, 346.745, 430.04
16.7294, 178.381, 52.6193, 183.155, 190.525, 40.4747, 92.9269, 163.053
16.748, 178.381, 52.6193, 183.155, 173.295, 57.7054, 216.846, 265.629
16.7487, 178.381, 52.6193, 183.155, 150.961, 80.0385, 350.408, 435.15
16.7494, 178.381, 52.6193, 183.155, 196.512, 34.4881, 84.9848, 161.494
16.7681, 178.381, 52.6193, 183.155, 173.295, 57.7054, 216.846, 265.629
16.7686, 178.381, 52.6193, 183.155, 150.426, 80.5744, 351.843, 437.116
16.7689, 178.381, 52.6193, 183.155, 197.799, 33.2015, 84.1464, 161.444
16.7943, 178.381, 52.6193, 183.155, 173.295, 57.7054, 216.846, 265.629
16.7946, 178.381, 52.6193, 183.155, 150.426, 80.5744, 351.843, 437.116
16.7948, 178.381, 52.6193, 183.155, 197.799, 33.2015, 84.1464, 161.444
16.8136, 178.381, 52.6193, 183.155, 173.295, 57.7054, 216.846, 265.629
16.8139, 178.381, 52.6193, 183.155, 150.426, 80.5744, 351.843, 437.116
16.8141, 178.381, 52.6193, 183.155, 197.799, 33.2015, 84.1464, 161.444
16.8355, 178.381, 52.6193, 183.155, 173.295, 57.7054, 216.846, 265.629
16.8358, 178.381, 52.6193, 183.155, 150.426, 80.5744, 351.843, 437.116
16.836, 178.381, 52.6193, 183.155, 197.799, 33.2015, 84.1464, 161.444
17.0332, 178.381, 52.6193, 183.155, 173.295, 57.7054, 216.846, 265.629
17.0337, 178.381, 52.6193, 183.155, 149.996, 81.0042, 353.351, 439.158
17.0339, 178.381, 52.6193, 183.155, 199.038, 31.9619, 83.6065, 161.441
17.0587, 178.381, 52.6193, 183.155, 173.295, 57.7054, 216.846, 265.629
17.0592, 178.381, 52.6193, 183.155, 148.319, 82.6815, 362.409, 451.281
17.0596, 178.381, 52.6193, 183.155, 202.324, 28.6756, 82.5836, 161.586
17.0784, 178.381, 52.6193, 183.155, 173.295, 57.7054, 216.846, 265.629
17.0787, 178.381, 52.6193, 183.155, 148.273, 82.7275, 364.93, 454.588
17.079, 178.381, 52.6193, 183.155, 202.686, 28.3136, 82.3404, 161.629
17.1185, 178.381, 52.6193, 183.155, 173.295, 57.7054, 216.846, 265.629
17.1188, 178.381, 52.6193, 183.155, 148.273, 82.7275, 364.93, 454.588
17.119, 178.381, 52.6193, 183.155, 202.686, 28.3136, 82.3404, 161.629
17.143, 178.381, 52.6193, 183.155, 173.295, 57.7054, 216.846, 265.629
17.1433, 178.381, 52.6193, 183.155, 148.273, 82.7275, 364.93, 454.588
17.1435, 178.381, 52.6193, 183.155, 202.686, 28.3136, 82.3404, 161.629
17.3508, 178.381, 52.6193, 183.155, 173.295, 57.7054, 216.846, 265.629
17.3513, 178.381, 52.6193, 183.155, 146.908, 84.0924, 372.325, 464.522
17.3517, 178.381, 52.6193, 183.155, 203.511, 27.4887, 81.6102, 161.767
17.3721, 178.381, 52.6193, 183.155, 173.295, 57.7054, 216.846, 265.629
17.3725, 178.381, 52.6193, 183.155, 145.635, 85.3654, 377.528, 471.579
17.3728, 178.381, 52.6193, 183.155, 203.848, 27.1519, 80.1907, 161.997
17.3919, 178.381, 52.6193, 183.155, 173.295, 57.7054, 216.846, 265.629
17.3922, 178.381, 52.6193, 183.155, 145.635, 85.3654, 377.528, 471.579
17.3926, 178.381, 52.6193, 183.155, 203.848, 27.1519, 80.1907, 161.997
17.417, 178.381, 52.6193, 183.155, 173.295, 57.7054, 216.846, 265.629
17.4174, 178.381, 52.6193, 183.155, 145.635, 85.3654, 377.528, 471.579
17.4177, 178.381, 52.6193, 183.155, 203.848, 27.1519, 80.1907, 161.997
17.4471, 184.602, 46.3975, 183.155, 178.925, 52.0754, 216.846, 265.629
17.4476, 184.602, 46.3975, 183.155, 148.499, 82.5009, 377.528, 471.579
17.448, 184.602, 46.3975, 183.155, 212.142, 18.8585, 80.1907, 161.997
17.4682, 178.381, 52.6193, 183.155, 173.295, 57.7054, 216.846, 265.629
17.4686, 178.381, 52.6193, 183.155, 145.635, 85.3654, 377.528, 471.579
17.4689, 178.381, 52.6193, 183.155, 203.848, 27.1519, 80.1907, 161.997
17.6547, 178.381, 52.6193, 183.155, 173.295, 57.7054, 216.846, 265.629
17.6551, 178.381, 52.6193, 183.155, 144.951, 86.0492, 379.775, 474.652
17.6555, 178.381, 52.6193, 183.155, 203.915, 27.0846, 78.9967, 162.21
17.6761, 184.602, 46.3975, 183.155, 178.925, 52.0754, 216.846, 265.629
17.6766, 184.602, 46.3975, 183.155, 146.178, 84.8218, 382.472, 478.461
17.6768, 184.602, 46.3975, 183.155, 212.791, 18.2087, 77.3588, 162.642
17.6965, 178.381, 52.6193, 183.155, 173.295, 57.7054, 216.846, 265.629
17.6969, 178.381, 52.6193, 183.155, 143.184, 87.8157, 383.056, 479.264
17.6971, 178.381, 52.6193, 183.155, 204.733, 26.2667, 76.8405, 162.833
17.7198, 178.381, 52.6193, 183.155, 173.295, 57.7054, 216.846, 265.629
17.7201, 178.381, 52.6193, 183.155, 143.184, 87.8157, 383.056, 479.264
17.7203, 178.381, 52.6193, 183.155, 204.733, 26.2667, 76.8405, 162.833
17.7389, 184.602, 46.3975, 183.155, 178.925, 52.0754, 216.846, 265.629
17.7395, 184.602, 46.3975, 183.155, 145.955, 85.0448, 383.056, 479.264
17.7401, 184.602, 46.3975, 183.155, 213.12, 17.88, 76.8405, 162.833
17.7582, 178.381, 52.6193, 183.155, 173.295, 57.7054, 216.846, 265.629
17.7587, 178.381, 52.6193, 183.155, 143.184, 87.8157, 383.056, 479.264
17.7592, 178.381, 52.6193, 183.155, 204.733, 26.2667, 76.8405, 162.833
17.9649, 184.602, 46.3975, 183.155, 178.925, 52.0754, 216.846, 265.629
17.9652, 184.602, 46.3975, 183.155, 143.948, 87.0525, 387.023, 484.807
17.9655, 184.602, 46.3975, 183.155, 215.572, 15.428, 74.557, 164.206
18.0045, 184.602, 46.3975, 183.155, 178.925, 52.0754, 216.846, 265.629
18.0047, 184.602, 46.3975, 183.155, 142.952, 88.0477, 389.727, 488.526
18.005, 184.602, 46.3975, 183.155, 216.64, 14.3605, 74.9271, 164.423
18.0286, 184.602, 46.3975, 183.155, 178.925, 52.0754, 216.846, 265.629
18.029, 184.602, 46.3975, 183.155, 142.952, 88.0477, 389.727, 488.526
18.0294, 184.602, 46.3975, 183.155, 216.64, 14.3605, 74.9271, 164.423
18.0534, 184.602, 46.3975, 183.155, 178.925, 52.0754, 216.846, 265.629
18.0537, 184.602, 46.3975, 183.155, 142.952, 88.0477, 389.727, 488.526
18.0539, 184.602, 46.3975, 183.155, 216.64, 14.3605, 74.9271, 164.423
18.3011, 184.602, 46.3975, 183.155, 178.925, 52.0754, 216.846, 265.629
18.3016, 184.602, 46.3975, 183.155, 144.586, 86.4145, 392.215, 491.557
18.302, 184.602, 46.3975, 183.155, 220.129, 10.8709, 72.2698, 167.502
18.3204, 184.602, 46.3975, 183.155, 178.925, 52.0754, 216.846, 265.629
18.3207, 184.602, 46.3975, 183.155, 141.113, 89.8867, 400.03, 502.421
18.3209, 184.602, 46.3975, 183.155, 222.727, 8.27331, 70.8294, 170.716
18.3431, 184.602, 46.3975, 183.155, 178.925, 52.0754, 216.846, 265.629
18.3435, 184.602, 46.3975, 183.155, 140.212, 90.7876, 402.452, 505.761
18.3437, 184.602, 46.3975, 183.155, 223.463, 7.53682, 70.4493, 171.88
18.3629, 184.602, 46.3975, 183.155, 178.925, 52.0754, 216.846, 265.629
18.3634, 184.602, 46.3975, 183.155, 140.212, 90.7876, 402.452, 505.761
18.3638, 184.602, 46.3975, 183.155, 223.463, 7.53682, 70.4493, 171.88
18.3827, 184.602, 46.3975, 183.155, 178.925, 52.0754, 216.846, 265.629
18.3831, 184.602, 46.3975, 183.155, 140.212, 90.7876, 402.452, 505.761
18.3835, 184.602, 46.3975, 183.155, 223.463, 7.53682, 70.4493, 171.88
18.4023, 178.381, 52.6193, 183.155, 173.295, 57.7054, 216.846, 265.629
18.4026, 178.381, 52.6193, 183.155, 137.77, 93.2297, 402.452, 505.761
18.4028, 178.381, 52.6193, 183.155, 214.641, 16.3591, 70.4493, 171.88
18.4221, 184.602, 46.3975, 183.155, 178.925, 52.0754, 216.846, 265.629
18.4226, 184.602, 46.3975, 183.155, 140.212, 90.7876, 402.452, 505.761
18.423, 184.602, 46.3975, 183.155, 223.463, 7.53682, 70.4493, 171.88
18.6014, 178.381, 52.6193, 183.155, 173.295, 57.7054, 216.846, 265.629
18.6018, 178.381, 52.6193, 183.155, 137.77, 93.2297, 402.452, 505.761
18.6021, 178.381, 52.6193, 183.155, 214.641, 16.3591, 70.4493, 171.88
18.6245, 184.602, 46.3975, 183.155, 178.925, 52.0754, 216.846, 265.629
18.6258, 184.602, 46.3975, 183.155, 144.806, 86.194, 411.683, 517.303
18.627, 184.602, 46.3975, 183.155, 224.796, 6.20423, 69.221, 175.303
18.6633, 184.602, 46.3975, 183.155, 178.925, 52.0754, 216.846, 265.629
18.6638, 184.602, 46.3975, 183.155, 144.806, 86.194, 411.683, 517.303
18.6643, 184.602, 46.3975, 183.155, 224.796, 6.20423, 69.221, 175.303
18.688, 184.602, 46.3975, 183.155, 178.925, 52.0754, 216.846, 265.629
18.6887, 184.602, 46.3975, 183.155, 144.806, 86.194, 411.683, 517.303
18.6892, 184.602, 46.3975, 183.155, 224.796, 6.20423, 69.221, 175.303
18.7087, 184.602, 46.3975, 183.155, 178.925, 52.0754, 216.846, 265.629
18.709, 184.602, 46.3975, 183.155, 144.806, 86.194, 411.683, 517.303
18.7094, 184.602, 46.3975, 183.155, 224.796, 6.20423, 69.221, 175.303
18.7667, 184.602, 46.3975, 183.155, 178.925, 52.0754, 216.846, 265.629
18.767, 184.602, 46.3975, 183.155, 151.791, 79.2091, 415.286, 520.878
18.7672, 184.602, 46.3975, 183.155, 225.631, 5.36868, 69.4612, 176.316
18.8071, 184.602, 46.3975, 183.155, 178.925, 52.0754, 216.846, 265.629
18.8076, 184.602, 46.3975, 183.155, 152.401, 78.5987, 416.176, 521.947
18.8078, 184.602, 46.3975, 183.155, 226.011, 4.98854, 69.6753, 176.621
18.8365, 178.381, 52.6193, 183.155, 173.295, 57.7054, 216.846, 265.629
18.8368, 178.381, 52.6193, 183.155, 150.199, 80.8008, 416.176, 521.947
18.8371, 178.381, 52.6193, 183.155, 217.041, 13.9592, 69.6753, 176.621
18.8963, 178.381, 52.6193, 183.155, 173.295, 57.7054, 216.846, 265.629
18.8968, 178.381, 52.6193, 183.155, 151.528, 79.4723, 417.733, 523.771
18.8971, 178.381, 52.6193, 183.155, 218.014, 12.9862, 70.3355, 177.264
18.9863, 184.602, 46.3975, 183.155, 178.925, 52.0754, 216.846, 265.629
18.9866, 184.602, 46.3975, 183.155, 154.131, 76.8689, 418.516, 524.729
18.987, 184.602, 46.3975, 183.155, 227.59, 3.41022, 70.7448, 177.638
19.0395, 184.602, 46.3975, 183.155, 178.925, 52.0754, 216.846, 265.629
19.0397, 184.602, 46.3975, 183.155, 154.631, 76.3691, 419.124, 525.44
19.04, 184.602, 46.3975, 183.155, 227.952, 3.04787, 70.9298, 178.023
19.1382, 184.602, 46.3975, 183.155, 178.925, 52.0754, 216.846, 265.629
19.1386, 184.602, 46.3975, 183.155, 139.481, 91.5188, 419.187, 528.102
19.139, 184.602, 46.3975, 183.155, 222.492, 8.5084, 64.9402, 179.157
19.1896, 184.602, 46.3975, 183.155, 178.925, 52.0754, 216.846, 265.629
19.1905, 184.602, 46.3975, 183.155, 139.481, 91.5188, 419.187, 528.102
19.1913, 184.602, 46.3975, 183.155, 222.492, 8.5084, 64.9402, 179.157
19.2378, 184.602, 46.3975, 183.155, 178.925, 52.0754, 216.846, 265.629
19.2381, 184.602, 46.3975, 183.155, 136.189, 94.8106, 420.882, 530.824
19.2384, 184.602, 46.3975, 183.155, 221.214, 9.78612, 63.176, 180.393
19.2949, 184.602, 46.3975, 183.155, 178.925, 52.0754, 216.846, 265.629
19.2953, 184.602, 46.3975, 183.155, 134.863, 96.1366, 421.809, 532.237
19.2957, 184.602, 46.3975, 183.155, 218.043, 12.9572, 60.0201, 180.264
19.338, 184.602, 46.3975, 183.155, 178.925, 52.0754, 216.846, 265.629
19.3384, 184.602, 46.3975, 183.155, 133.813, 97.1874, 422.904, 533.835
19.3388, 184.602, 46.3975, 183.155, 216.711, 14.2888, 58.2887, 181.392
19.3905, 184.602, 46.3975, 183.155, 178.925, 52.0754, 216.846, 265.629
19.3909, 184.602, 46.3975, 183.155, 132.874, 98.1257, 424.224, 535.716
19.3912, 184.602, 46.3975, 183.155, 217.017, 13.9831, 58.3275, 182.311
19.4388, 178.381, 52.6193, 183.155, 173.295, 57.7054, 216.846, 265.629
19.4393, 178.381, 52.6193, 183.155, 130.799, 100.201, 424.224, 535.716
19.4396, 178.381, 52.6193, 183.155, 207.863, 23.1367, 58.3275, 182.311
19.4985, 184.602, 46.3975, 183.155, 178.925, 52.0754, 216.846, 265.629
19.4989, 184.602, 46.3975, 183.155, 131.381, 99.6193, 427.239, 539.927
19.4993, 184.602, 46.3975, 183.155, 219.49, 11.5103, 60.0478, 186.477
19.6056, 184.602, 46.3975, 183.155, 178.925, 52.0754, 216.846, 265.629
19.6059, 184.602, 46.3975, 183.155, 130.287, 100.713, 429.062, 542.495
19.6062, 184.602, 46.3975, 183.155, 219.693, 11.3071, 60.1183, 188.157
19.6389, 184.602, 46.3975, 183.155, 178.925, 52.0754, 216.846, 265.629
19.6392, 184.602, 46.3975, 183.155, 128.029, 102.971, 430.7, 544.947
19.6395, 184.602, 46.3975, 183.155, 225.32, 5.67978, 65.8086, 193.223
19.6918, 184.602, 46.3975, 183.155, 178.925, 52.0754, 216.846, 265.629
19.6921, 184.602, 46.3975, 183.155, 128.029, 102.971, 430.7, 544.947
19.6925, 184.602, 46.3975, 183.155, 225.32, 5.67978, 65.8086, 193.223
19.755, 184.602, 46.3975, 183.155, 178.925, 52.0754, 216.846, 265.629
19.7559, 184.602, 46.3975, 183.155, 127.298, 103.702, 433.765, 549.131
19.7567, 184.602, 46.3975, 183.155, 229.362, 1.63835, 70.0881, 196.233
19.7926, 184.602, 46.3975, 183.155, 178.925, 52.0754, 216.846, 265.629
19.793, 184.602, 46.3975, 183.155, 126.351, 104.649, 438.555, 555.652
19.7934, 184.602, 46.3975, 183.155, 229.436, 1.56375, 73.4392, 197.889
19.8427, 184.602, 46.3975, 183.155, 178.925, 52.0754, 216.846, 265.629
19.8431, 184.602, 46.3975, 183.155, 126.351, 104.649, 438.555, 555.652
19.8435, 184.602, 46.3975, 183.155, 229.436, 1.56375, 73.4392, 197.889
19.8938, 184.602, 46.3975, 183.155, 178.925, 52.0754, 216.846, 265.629
19.8941, 184.602, 46.3975, 183.155, 125.322, 105.678, 442.029, 560.423
19.8943, 184.602, 46.3975, 183.155, 226.96, 4.04007, 76.065, 199.323
19.9529, 184.602, 46.3975, 183.155, 178.925, 52.0754, 216.846, 265.629
19.9532, 184.602, 46.3975, 183.155, 125.322, 105.678, 442.029, 560.423
19.9535, 184.602, 46.3975, 183.155, 226.96, 4.04007, 76.065, 199.323
19.9938, 184.602, 46.3975, 183.155, 178.925, 52.0754, 216.846, 265.629
19.9941, 184.602, 46.3975, 183.155, 124.497, 106.503, 444.49, 563.814
19.9944, 184.602, 46.3975, 183.155, 228.798, 2.20205, 73.8428, 196.105
20.0498, 184.602, 46.3975, 183.155, 178.925, 52.0754, 216.846, 265.629
20.0503, 184.602, 46.3975, 183.155, 124.497, 106.503, 444.49, 563.814
20.0507, 184.602, 46.3975, 183.155, 228.798, 2.20205, 73.8428, 196.105
20.1101, 184.602, 46.3975, 183.155, 178.925, 52.0754, 216.846, 265.629
20.1104, 184.602, 46.3975, 183.155, 123.209, 107.791, 446.249, 566.31
20.1107, 184.602, 46.3975, 183.155, 227.885, 3.11489, 74.6245, 194.781
20.1799, 184.602, 46.3975, 183.155, 178.925, 52.0754, 216.846, 265.629
20.1802, 184.602, 46.3975, 183.155, 123.209, 107.791, 446.249, 566.31
20.1805, 184.602, 46.3975, 183.155, 227.885, 3.11489, 74.6245, 194.781
20.1988, 184.602, 46.3975, 183.155, 178.925, 52.0754, 216.846, 265.629
20.1992, 184.602, 46.3975, 183.155, 121.921, 109.079, 447.886, 568.637
20.1996, 184.602, 46.3975, 183.155, 227.714, 3.28578, 74.7952, 194.804
20.2546, 184.602, 46.3975, 183.155, 178.925, 52.0754, 216.846, 265.629
20.2549, 184.602, 46.3975, 183.155, 121.921, 109.079, 447.886, 568.637
20.2552, 184.602, 46.3975, 183.155, 227.714, 3.28578, 74.7952, 194.804
20.3223, 184.602, 46.3975, 183.155, 178.925, 52.0754, 216.846, 265.629
20.3227, 184.602, 46.3975, 183.155, 120.725, 110.275, 449.363, 570.74
20.3231, 184.602, 46.3975, 183.155, 227.678, 3.32173, 74.8401, 194.928
20.3502, 184.602, 46.3975, 183.155, 178.925, 52.0754, 216.846, 265.629
20.3505, 184.602, 46.3975, 183.155, 120.725, 110.275, 449.363, 570.74
20.3509, 184.602, 46.3975, 183.155, 227.678, 3.32173, 74.8401, 194.928
20.3974, 184.602, 46.3975, 183.155, 178.925, 52.0754, 216.846, 265.629
20.3978, 184.602, 46.3975, 183.155, 120.005, 110.995, 450.179, 571.905
20.3982, 184.602, 46.3975, 183.155, 227.551, 3.44889, 74.9824, 195.139
20.4442, 184.602, 46.3975, 183.155, 178.925, 52.0754, 216.846, 265.629
20.4445, 184.602, 46.3975, 183.155, 119.214, 111.786, 451.073, 573.181
20.4447, 184.602, 46.3975, 183.155, 227.395, 3.60512, 75.1616, 195.44
20.5036, 184.602, 46.3975, 183.155, 178.925, 52.0754, 216.846, 265.629
20.5041, 184.602, 46.3975, 183.155, 117.917, 113.083, 453.211, 576.175
20.5045, 184.602, 46.3975, 183.155, 226.998, 4.00178, 75.6399, 196.364
20.5534, 184.602, 46.3975, 183.155, 178.925, 52.0754, 216.846, 265.629
20.5537, 184.602, 46.3975, 183.155, 117.917, 113.083, 453.211, 576.175
20.554, 184.602, 46.3975, 183.155, 226.998, 4.00178, 75.6399, 196.364
20.5942, 184.602, 46.3975, 183.155, 178.925, 52.0754, 216.846, 265.629
20.5946, 184.602, 46.3975, 183.155, 117.627, 113.373, 455.282, 578.99
20.595, 184.602, 46.3975, 183.155, 173.042, 57.9584, 130.925, 215.919
20.6464, 184.602, 46.3975, 183.155, 178.925, 52.0754, 216.846, 265.629
20.6469, 184.602, 46.3975, 183.155, 117.627, 113.373, 455.282, 578.99
20.6474, 184.602, 46.3975, 183.155, 173.042, 57.9584, 130.925, 215.919
20.6976, 184.602, 46.3975, 183.155, 178.925, 52.0754, 216.846, 265.629
20.698, 184.602, 46.3975, 183.155, 115.292, 115.708, 458.166, 583.075
20.6984, 184.602, 46.3975, 183.155, 172.286, 58.7144, 132.067, 218.295
20.7508, 184.602, 46.3975, 183.155, 178.925, 52.0754, 216.846, 265.629
20.7512, 184.602, 46.3975, 183.155, 114.289, 116.711, 459.503, 584.959
20.7514, 184.602, 46.3975, 183.155, 171.626, 59.3738, 132.962, 219.71
20.8047, 184.602, 46.3975, 183.155, 178.925, 52.0754, 216.846, 265.629
20.8052, 184.602, 46.3975, 183.155, 113.37, 117.63, 460.757, 586.722
20.8056, 184.602, 46.3975, 183.155, 171.285, 59.7155, 133.387, 220.224
20.8958, 184.602, 46.3975, 183.155, 178.925, 52.0754, 216.846, 265.629
20.8962, 184.602, 46.3975, 183.155, 112.398, 118.602, 462.223, 588.774
20.8966, 184.602, 46.3975, 183.155, 171.106, 59.8944, 133.645, 220.668
20.9497, 184.602, 46.3975, 183.155, 178.925, 52.0754, 216.846, 265.629
20.95, 184.602, 46.3975, 183.155, 111.341, 119.659, 463.591, 590.7
20.9503, 184.602, 46.3975, 183.155, 170.796, 60.2039, 134.093, 221.44
20.9997, 184.602, 46.3975, 183.155, 178.925, 52.0754, 216.846, 265.629
21.0001, 184.602, 46.3975, 183.155, 111.341, 119.659, 463.591, 590.7
21.0004, 184.602, 46.3975, 183.155, 170.796, 60.2039, 134.093, 221.44
21.0473, 184.602, 46.3975, 183.155, 178.925, 52.0754, 216.846, 265.629
21.0476, 184.602, 46.3975, 183.155, 110.572, 120.428, 464.806, 592.396
21.0479, 184.602, 46.3975, 183.155, 170.548, 60.4519, 134.454, 222.06
21.0972, 181.381, 52.6193, 183.155, 176.295, 57.7054, 216.846, 265.629
21.0978, 181.381, 52.6193, 183.155, 112.165, 121.835, 464.806, 592.396
21.0982, 181.381, 52.6193, 183.155, 183.342, 50.6584, 134.454, 222.06
21.1982, 184.602, 46.3975, 183.155, 178.925, 52.0754, 216.846, 265.629
21.1986, 184.602, 46.3975, 183.155, 109.986, 121.014, 466.073, 594.148
21.1988, 184.602, 46.3975, 183.155, 170.345, 60.655, 134.752, 222.569
21.2518, 184.602, 46.3975, 183.155, 178.925, 52.0754, 216.846, 265.629
21.2522, 184.602, 46.3975, 183.155, 109.589, 121.411, 466.975, 595.396
21.2526, 184.602, 46.3975, 183.155, 122.161, 108.839, 185.168, 246.017
21.4006, 184.602, 46.3975, 183.155, 178.925, 52.0754, 216.846, 265.629
21.4009, 184.602, 46.3975, 183.155, 147.608, 83.3922, 446.146, 562.79
21.4011, 184.602, 46.3975, 183.155, 122.161, 108.839, 185.168, 246.017
21.4531, 184.602, 46.3975, 183.155, 178.925, 52.0754, 216.846, 265.629
21.4535, 184.602, 46.3975, 183.155, 147.558, 83.4423, 446.558, 563.35
21.4538, 184.602, 46.3975, 183.155, 121.646, 109.354, 185.84, 246.879
21.5482, 184.602, 46.3975, 183.155, 178.925, 52.0754, 216.846, 265.629
21.5484, 184.602, 46.3975, 183.155, 147.957, 83.043, 445.507, 561.873
21.5487, 184.602, 46.3975, 183.155, 121.51, 109.49, 186.06, 247.303
21.6096, 184.602, 46.3975, 183.155, 178.925, 52.0754, 216.846, 265.629
21.6099, 184.602, 46.3975, 183.155, 147.957, 83.043, 445.507, 561.873
21.6101, 184.602, 46.3975, 183.155, 121.51, 109.49, 186.06, 247.303
