0.000178099, 225.532, 5.46837, 108.455, 142.419, 88.5806, 436.081, 624.619
0.0506718, 219.517, 5.48298, 108.5, 136.417, 88.5832, 435.743, 624.11
0.100206, 225.84, 5.15968, 108.835, 142.115, 88.8849, 436.26, 625.085
0.1522, 225.84, 5.15968, 108.835, 142.115, 88.8849, 436.26, 625.085
0.199497, 220.176, 4.82428, 109.115, 134.104, 90.8957, 442.522, 634.289
0.250254, 226.584, 4.41611, 109.479, 139.843, 91.1566, 443.23, 635.608
0.303308, 226.584, 4.41611, 109.479, 139.843, 91.1566, 443.23, 635.608
0.350274, 220.364, 4.63618, 109.322, 132.666, 92.3343, 446.918, 640.685
0.459576, 226.653, 4.34695, 109.555, 139.183, 91.8174, 445.123, 638.361
0.557759, 225.625, 5.37457, 108.755, 142.104, 88.8958, 434.519, 622.469
0.6041, 225.625, 5.37457, 108.755, 142.104, 88.8958, 434.519, 622.469
0.655592, 225.267, 5.73278, 108.522, 142.107, 88.893, 433.783, 621.142
0.711531, 225.629, 5.37133, 108.888, 142.174, 88.8264, 432.386, 619.454
0.761424, 225.862, 5.13835, 109.14, 142.213, 88.7873, 431.86, 618.872
0.802737, 225.862, 5.13835, 109.14, 142.213, 88.7873, 431.86, 618.872
0.859867, 225.541, 5.4591, 109.224, 142.409, 88.5909, 430.901, 617.079
0.903369, 219.541, 5.4591, 109.224, 136.409, 88.5909, 430.901, 617.079
0.955804, 225.748, 5.25246, 109.735, 142.573, 88.4272, 429.796, 615.508
1.00347, 219.748, 5.25246, 109.735, 136.573, 88.4272, 429.796, 615.508
1.05701, 224.313, 6.68676, 109.997, 139.935, 91.0647, 438, 625.32
1.10859, 223.924, 7.07563, 109.944, 140.472, 90.5279, 436.258, 622.395
1.15861, 223.548, 7.4521, 109.853, 140.707, 90.2933, 435.967, 621.55
1.21751, 223.186, 7.81354, 109.808, 141.446, 89.5537, 434.336, 618.774
1.2564, 223.186, 7.81354, 109.808, 141.446, 89.5537, 434.336, 618.774
1.30665, 222.755, 8.24453, 109.946, 142.877, 88.1229, 430.76, 613.03
1.35777, 222.591, 8.40923, 110.053, 143.279, 87.7206, 430.13, 611.843
1.40561, 222.591, 8.40923, 110.053, 143.279, 87.7206, 430.13, 611.843
1.46007, 212.785, 12.215, 114.21, 138.121, 86.8794, 428.81, 603.262
1.51058, 218.005, 12.995, 115.064, 144.394, 86.606, 428.001, 600.781
1.55707, 217.44, 13.5599, 115.752, 144.554, 86.4455, 427.087, 598.513
1.61539, 217.44, 13.5599, 115.752, 144.554, 86.4455, 427.087, 598.513
1.66296, 216.752, 14.248, 116.944, 144.882, 86.1177, 424.894, 594.085
1.70823, 216.752, 14.248, 116.944, 144.882, 86.1177, 424.894, 594.085
1.75983, 216.452, 14.548, 117.969, 146.059, 84.9406, 419.764, 586.026
1.80739, 216.452, 14.548, 117.969, 146.059, 84.9406, 419.764, 586.026
1.859, 216.511, 14.4886, 118.851, 146.248, 84.7524, 418.558, 583.992
1.91133, 216.643, 14.3568, 119.337, 146.389, 84.6113, 417.943, 583.048
1.95854, 216.766, 14.234, 119.749, 146.513, 84.4868, 417.4, 582.229
2.01231, 216.909, 14.0906, 120.236, 146.513, 84.4868, 417.4, 582.165
2.01277, 216.909, 14.0906, 120.236, 111.712, 119.288, 390.283, 548.891
2.06082, 216.909, 14.0906, 120.236, 146.513, 84.4868, 417.4, 582.165
2.06112, 216.909, 14.0906, 120.236, 111.712, 119.288, 390.283, 548.891
2.15849, 216.998, 14.0024, 122.277, 146.513, 84.4868, 417.4, 581.318
2.15876, 216.998, 14.0024, 122.277, 114.618, 116.382, 384.084, 539.422
2.26179, 216.707, 14.2926, 123.645, 146.513, 84.4868, 417.4, 580.364
2.26205, 216.707, 14.2926, 123.645, 115.871, 115.129, 381.055, 534.274
2.31359, 216.707, 14.2926, 123.645, 146.513, 84.4868, 417.4, 580.364
2.314, 216.707, 14.2926, 123.645, 115.871, 115.129, 381.055, 534.274
2.3654, 216.302, 14.6983, 125.212, 146.513, 84.4868, 417.4, 579.198
2.36579, 216.302, 14.6983, 125.212, 116.768, 114.232, 378.75, 529.935
2.4168, 216.076, 14.9241, 126.183, 146.513, 84.4868, 417.4, 578.509
2.41721, 216.076, 14.9241, 126.183, 117.078, 113.922, 377.849, 528.017
2.46767, 216.897, 14.1026, 127.113, 146.513, 84.4868, 417.4, 579.011
2.46798, 216.897, 14.1026, 127.113, 117.232, 113.768, 377.092, 527.495
2.51047, 216.897, 14.1026, 127.113, 146.513, 84.4868, 417.4, 579.011
2.51074, 216.897, 14.1026, 127.113, 117.232, 113.768, 377.092, 527.495
2.56085, 214.625, 16.3754, 126.166, 146.513, 84.4868, 417.4, 576.901
2.56115, 214.625, 16.3754, 126.166, 117.528, 113.472, 375.555, 523.249
2.61261, 214.625, 16.3754, 126.166, 146.513, 84.4868, 417.4, 576.901
2.6129, 214.625, 16.3754, 126.166, 117.528, 113.472, 375.555, 523.249
2.66146, 214.232, 16.7681, 130.203, 146.513, 84.4868, 417.4, 574.694
2.66174, 214.232, 16.7681, 130.203, 117.251, 113.749, 374.053, 519.106
2.71276, 214.232, 16.7681, 130.203, 146.513, 84.4868, 417.4, 574.694
2.7132, 214.232, 16.7681, 130.203, 117.251, 113.749, 374.053, 519.106
2.76474, 213.894, 17.1065, 133.51, 146.513, 84.4868, 417.4, 572.902
2.76502, 213.894, 17.1065, 133.51, 117.071, 113.929, 372.363, 515.111
2.81802, 213.762, 17.2383, 134.925, 146.513, 84.4868, 417.4, 572.159
2.81829, 213.762, 17.2383, 134.925, 116.904, 114.096, 371.449, 513.173
2.9625, 213.64, 17.3596, 137.338, 146.513, 84.4868, 417.4, 571.017
2.96306, 213.64, 17.3596, 137.338, 116.934, 114.066, 369.293, 509.171
3.03173, 213.587, 17.4129, 138.959, 146.513, 84.4868, 417.4, 570.288
3.03217, 213.587, 17.4129, 138.959, 117.272, 113.728, 366.895, 505.222
3.07496, 207.587, 17.4129, 138.959, 140.513, 84.4868, 417.4, 570.288
3.07524, 207.587, 17.4129, 138.959, 111.272, 113.728, 366.895, 505.222
3.11365, 213.641, 17.3589, 139.836, 146.513, 84.4868, 417.4, 569.987
3.11404, 213.641, 17.3589, 139.836, 117.658, 113.342, 363.909, 500.885
3.16738, 213.641, 17.3589, 139.836, 146.513, 84.4868, 417.4, 569.987
3.16778, 213.641, 17.3589, 139.836, 117.658, 113.342, 363.909, 500.885
3.26353, 213.639, 17.361, 140.346, 146.513, 84.4868, 417.4, 569.776
3.26405, 213.639, 17.361, 140.346, 119.203, 111.797, 362.731, 499.006
3.32961, 207.62, 17.3796, 140.637, 140.513, 84.4868, 417.4, 569.637
3.33009, 207.62, 17.3796, 140.637, 113.609, 111.391, 359.574, 494.587
3.38482, 207.455, 17.5448, 140.858, 140.513, 84.4868, 417.4, 569.368
3.38525, 207.455, 17.5448, 140.858, 114.448, 110.552, 358.407, 492.698
3.41619, 212.849, 18.1506, 141.147, 146.513, 84.4868, 417.4, 568.596
3.41662, 212.849, 18.1506, 141.147, 120.591, 110.409, 352.823, 484.396
3.46509, 212.849, 18.1506, 141.147, 146.513, 84.4868, 417.4, 568.596
3.46536, 212.849, 18.1506, 141.147, 120.591, 110.409, 352.823, 484.396
3.57343, 212.096, 18.9035, 141.478, 146.513, 84.4868, 417.4, 567.65
3.57373, 212.096, 18.9035, 141.478, 120.704, 110.296, 349.509, 478.993
3.61696, 211.363, 19.6366, 142.087, 146.513, 84.4868, 417.4, 566.616
3.61726, 211.363, 19.6366, 142.087, 121.101, 109.899, 347.176, 474.824
3.66991, 210.98, 20.0197, 142.586, 146.513, 84.4868, 417.4, 566.005
3.67065, 210.98, 20.0197, 142.586, 121.287, 109.713, 346.218, 472.937
3.71677, 210.98, 20.0197, 142.586, 146.513, 84.4868, 417.4, 566.005
3.71725, 210.98, 20.0197, 142.586, 121.287, 109.713, 346.218, 472.937
3.77081, 210.373, 20.6269, 143.917, 146.513, 84.4868, 417.4, 564.824
3.77121, 210.373, 20.6269, 143.917, 122.096, 108.904, 344.408, 469.342
3.8728, 210.897, 20.1035, 144.438, 146.513, 84.4868, 417.4, 565.177
3.87323, 210.897, 20.1035, 144.438, 122.445, 108.555, 343.621, 468.644
3.92101, 210.816, 20.184, 146.191, 146.513, 84.4868, 417.4, 564.399
3.92151, 210.816, 20.184, 146.191, 123.169, 107.831, 342.49, 466.396
3.96872, 210.996, 20.0038, 146.748, 146.513, 84.4868, 417.4, 564.373
3.96903, 210.996, 20.0038, 146.748, 123.505, 107.495, 341.756, 465.396
4.06795, 210.098, 20.9017, 149.972, 146.513, 84.4868, 417.4, 562.168
4.06822, 210.098, 20.9017, 149.972, 124.123, 106.877, 340.536, 461.699
4.17351, 209.547, 21.4528, 150.687, 146.513, 84.4868, 417.4, 561.309
4.17407, 209.547, 21.4528, 150.687, 125.044, 105.956, 338.755, 458.443
4.22936, 203.315, 21.6847, 150.951, 140.513, 84.4868, 417.4, 560.963
4.22986, 203.315, 21.6847, 150.951, 119.344, 105.656, 337.769, 456.776
4.269, 209.315, 21.6847, 150.951, 146.513, 84.4868, 417.4, 560.963
4.26946, 209.315, 21.6847, 150.951, 125.344, 105.656, 337.769, 456.776
4.32688, 208.924, 22.0761, 151.527, 146.513, 84.4868, 417.4, 560.33
4.32734, 208.924, 22.0761, 151.527, 125.841, 105.159, 335.553, 453.192
4.37385, 208.924, 22.0761, 151.527, 146.513, 84.4868, 417.4, 560.33
4.37412, 208.924, 22.0761, 151.527, 125.841, 105.159, 335.553, 453.192
4.42111, 208.762, 22.2378, 151.781, 146.513, 84.4868, 417.4, 560.063
4.42152, 208.762, 22.2378, 151.781, 126.309, 104.691, 333.966, 450.795
4.47453, 208.632, 22.3684, 152.075, 146.513, 84.4868, 417.4, 559.813
4.47479, 208.632, 22.3684, 152.075, 126.652, 104.348, 332.376, 448.427
4.52953, 208.4, 22.5997, 152.595, 146.513, 84.4868, 417.4, 559.373
4.52998, 208.4, 22.5997, 152.595, 127.602, 103.398, 328.898, 443.333
4.57622, 208.4, 22.5997, 152.595, 146.513, 84.4868, 417.4, 559.373
4.57666, 208.4, 22.5997, 152.595, 128.103, 102.897, 327.069, 440.869
4.62563, 208.4, 22.5997, 152.595, 146.513, 84.4868, 417.4, 559.373
4.6259, 208.4, 22.5997, 152.595, 128.744, 102.256, 325.292, 438.463
4.67384, 208.4, 22.5997, 152.595, 146.513, 84.4868, 417.4, 559.373
4.67412, 208.4, 22.5997, 152.595, 128.744, 102.256, 325.292, 438.463
4.72505, 208.4, 22.5997, 152.595, 146.513, 84.4868, 417.4, 559.373
4.72616, 208.4, 22.5997, 152.595, 130.062, 100.938, 322.27, 434.356
4.78152, 208.4, 22.5997, 152.595, 146.513, 84.4868, 417.4, 559.373
4.78195, 208.4, 22.5997, 152.595, 130.062, 100.938, 322.27, 434.356
4.82349, 208.4, 22.5997, 152.595, 146.513, 84.4868, 417.4, 559.373
4.82394, 208.4, 22.5997, 152.595, 131.181, 99.819, 320.115, 431.41
4.87838, 208.4, 22.5997, 152.595, 146.513, 84.4868, 417.4, 559.373
4.87881, 208.4, 22.5997, 152.595, 131.597, 99.4032, 319.403, 430.432
4.9249, 208.4, 22.5997, 152.595, 146.513, 84.4868, 417.4, 559.373
4.9253, 208.4, 22.5997, 152.595, 131.597, 99.4032, 319.403, 430.432
4.9739, 208.4, 22.5997, 152.595, 146.513, 84.4868, 417.4, 559.373
4.97419, 208.4, 22.5997, 152.595, 132.049, 98.9512, 318.277, 428.905
5.02548, 208.4, 22.5997, 152.595, 146.513, 84.4868, 417.4, 559.373
5.02611, 208.4, 22.5997, 152.595, 132.194, 98.8059, 317.796, 428.257
5.07916, 208.4, 22.5997, 152.595, 146.513, 84.4868, 417.4, 559.373
5.07962, 208.4, 22.5997, 152.595, 132.194, 98.8059, 317.796, 428.257
5.12681, 208.4, 22.5997, 152.595, 146.513, 84.4868, 417.4, 559.373
5.12727, 208.4, 22.5997, 152.595, 132.166, 98.8336, 316.77, 426.907
5.17932, 208.4, 22.5997, 152.595, 146.513, 84.4868, 417.4, 559.373
5.17971, 208.4, 22.5997, 152.595, 132.166, 98.8336, 316.77, 426.907
5.22396, 208.4, 22.5997, 152.595, 146.513, 84.4868, 417.4, 559.373
5.2243, 208.4, 22.5997, 152.595, 132.097, 98.903, 316.398, 426.424
5.27347, 202.4, 22.5997, 152.595, 140.513, 84.4868, 417.4, 559.373
5.27387, 202.4, 22.5997, 152.595, 125.955, 99.0447, 316.057, 425.987
5.32589, 208.4, 22.5997, 152.595, 146.513, 84.4868, 417.4, 559.373
5.32629, 208.4, 22.5997, 152.595, 131.765, 99.2346, 315.654, 425.473
5.37448, 208.4, 22.5997, 152.595, 146.513, 84.4868, 417.4, 559.373
5.37487, 208.4, 22.5997, 152.595, 131.543, 99.4569, 314.674, 424.203
5.42617, 208.4, 22.5997, 152.595, 146.513, 84.4868, 417.4, 559.373
5.42659, 208.4, 22.5997, 152.595, 131.543, 99.4569, 314.674, 424.203
5.47336, 208.4, 22.5997, 152.595, 146.513, 84.4868, 417.4, 559.373
5.47376, 208.4, 22.5997, 152.595, 131.235, 99.7646, 313.358, 422.496
5.57747, 208.4, 22.5997, 152.595, 146.513, 84.4868, 417.4, 559.373
5.57789, 208.4, 22.5997, 152.595, 131.131, 99.8694, 312.707, 421.648
5.62437, 205.544, 25.4557, 167.216, 146.513, 84.4868, 417.4, 551.098
5.62465, 205.544, 25.4557, 167.216, 131.126, 99.8743, 312.001, 413.833
5.68176, 204.56, 26.4399, 168.344, 146.513, 84.4868, 417.4, 549.688
5.68205, 204.56, 26.4399, 168.344, 131.28, 99.7204, 310.662, 410.786
5.72585, 204.56, 26.4399, 168.344, 146.513, 84.4868, 417.4, 549.688
5.72613, 204.56, 26.4399, 168.344, 131.28, 99.7204, 310.662, 410.786
5.78049, 202.934, 28.0663, 169.081, 146.513, 84.4868, 417.4, 547.755
5.78075, 202.934, 28.0663, 169.081, 132.331, 98.6691, 309.678, 407.559
5.83134, 199.401, 34.5989, 169.081, 147.33, 86.6696, 417.4, 547.755
5.83176, 199.401, 34.5989, 169.081, 131.29, 102.71, 309.678, 407.559
5.88805, 198.506, 35.4945, 169.262, 147.33, 86.6696, 417.4, 546.762
5.88835, 198.506, 35.4945, 169.262, 131.534, 102.466, 308.417, 404.93
5.92895, 201.647, 29.3526, 171.538, 146.513, 84.4868, 417.4, 545.596
5.92936, 201.647, 29.3526, 171.538, 132.881, 98.1191, 307.097, 402.28
5.9831, 200.978, 30.0222, 175.498, 146.513, 84.4868, 417.4, 543.591
5.98351, 200.978, 30.0222, 175.498, 133.729, 97.2715, 304.463, 397.262
6.02611, 200.978, 30.0222, 175.498, 146.513, 84.4868, 417.4, 543.591
6.02638, 200.978, 30.0222, 175.498, 133.729, 97.2715, 304.463, 397.262
6.09103, 200.658, 30.3423, 178.786, 146.513, 84.4868, 417.4, 542.19
6.09134, 200.658, 30.3423, 178.786, 134.62, 96.3803, 301.694, 392.639
6.19218, 200.519, 30.4812, 180.211, 146.513, 84.4868, 417.4, 541.59
6.19247, 200.519, 30.4812, 180.211, 134.951, 96.0492, 300.397, 390.537
6.21759, 200.495, 30.5053, 181.449, 146.513, 84.4868, 417.4, 541.17
6.21801, 200.495, 30.5053, 181.449, 135.465, 95.5355, 299.362, 388.915
6.24379, 200.522, 30.4776, 182.51, 146.513, 84.4868, 417.4, 540.862
6.24407, 200.522, 30.4776, 182.51, 135.884, 95.1157, 298.485, 387.595
6.27985, 200.579, 30.4206, 183.261, 146.513, 84.4868, 417.4, 540.683
6.28028, 200.579, 30.4206, 183.261, 136.29, 94.7097, 297.638, 386.407
6.32961, 200.579, 30.4206, 183.261, 146.513, 84.4868, 417.4, 540.683
6.33002, 200.579, 30.4206, 183.261, 136.29, 94.7097, 297.638, 386.407
6.39318, 200.547, 30.453, 184.511, 146.513, 84.4868, 417.4, 540.258
6.39397, 200.547, 30.453, 184.511, 136.891, 94.1093, 296.066, 384.112
6.4304, 200.547, 30.453, 184.511, 146.513, 84.4868, 417.4, 540.258
6.43085, 200.547, 30.453, 184.511, 136.891, 94.1093, 296.066, 384.112
6.47981, 200.295, 30.7055, 185.316, 146.513, 84.4868, 417.4, 539.75
6.48026, 200.295, 30.7055, 185.316, 137.702, 93.2981, 295.056, 382.362
6.58323, 199.843, 31.1571, 185.76, 146.513, 84.4868, 417.4, 539.151
6.58351, 199.843, 31.1571, 185.76, 138.801, 92.1985, 294.267, 380.719
6.6407, 199.586, 31.4142, 185.981, 146.513, 84.4868, 417.4, 538.82
6.64113, 199.586, 31.4142, 185.981, 139.464, 91.5363, 293.848, 379.822
6.68017, 199.327, 31.6728, 186.218, 146.513, 84.4868, 417.4, 538.483
6.68044, 199.327, 31.6728, 186.218, 140.055, 90.9448, 293.503, 379.02
6.73909, 199.327, 31.6728, 186.218, 146.513, 84.4868, 417.4, 538.483
6.73948, 199.327, 31.6728, 186.218, 140.055, 90.9448, 293.503, 379.02
6.78049, 198.739, 32.2609, 186.79, 146.513, 84.4868, 417.4, 537.708
6.78088, 198.739, 32.2609, 186.79, 141.112, 89.8875, 292.92, 377.474
6.83146, 198.739, 32.2609, 186.79, 146.513, 84.4868, 417.4, 537.708
6.83175, 198.739, 32.2609, 186.79, 141.112, 89.8875, 292.92, 377.474
6.88063, 198.199, 32.8009, 187.365, 146.513, 84.4868, 417.4, 536.982
6.88091, 198.199, 32.8009, 187.365, 142.068, 88.9325, 292.022, 375.596
6.94321, 198.199, 32.8009, 187.365, 146.513, 84.4868, 417.4, 536.982
6.94348, 198.199, 32.8009, 187.365, 142.068, 88.9325, 292.022, 375.596
6.98021, 197.805, 33.1953, 188.067, 146.513, 84.4868, 417.4, 536.366
6.98049, 197.805, 33.1953, 188.067, 142.889, 88.111, 291.173, 373.926
7.03944, 197.651, 33.3491, 188.482, 146.513, 84.4868, 417.4, 536.083
7.03986, 197.651, 33.3491, 188.482, 143.235, 87.7648, 290.529, 372.862
7.13457, 197.538, 33.4624, 189.086, 146.513, 84.4868, 417.4, 535.784
7.13485, 197.538, 33.4624, 189.086, 143.646, 87.3537, 289.663, 371.528
7.18934, 197.352, 33.6476, 190.788, 146.513, 84.4868, 417.4, 535.083
7.18965, 197.352, 33.6476, 190.788, 144.602, 86.3976, 287.898, 368.785
7.23408, 197.352, 33.6476, 190.788, 146.513, 84.4868, 417.4, 535.083
7.23437, 197.352, 33.6476, 190.788, 144.602, 86.3976, 287.898, 368.785
7.29264, 197.306, 33.6941, 193.208, 146.513, 84.4868, 417.4, 534.315
7.29309, 197.306, 33.6941, 193.208, 145.812, 85.1877, 285.817, 365.687
7.33371, 197.306, 33.6941, 193.208, 146.513, 84.4868, 417.4, 534.315
7.33398, 197.306, 33.6941, 193.208, 145.812, 85.1877, 285.817, 365.687
7.43408, 197.215, 33.7847, 195.856, 146.513, 84.4868, 417.4, 533.446
7.43456, 197.215, 33.7847, 195.856, 146.25, 84.7503, 283.481, 362.349
7.48876, 191.076, 39.924, 198.35, 144.33, 86.6696, 417.4, 532.581
7.48903, 191.076, 39.924, 198.35, 143.121, 87.8795, 280.353, 357.934
7.53384, 191.076, 39.924, 198.35, 144.33, 86.6696, 417.4, 532.581
7.5343, 191.076, 39.924, 198.35, 143.121, 87.8795, 280.353, 357.934
7.58755, 190.923, 40.0773, 200.399, 144.33, 86.6696, 417.4, 531.806
7.58796, 190.923, 40.0773, 200.399, 145.77, 85.2295, 277.332, 353.509
7.63414, 190.923, 40.0773, 200.399, 144.33, 86.6696, 417.4, 531.806
7.63445, 190.923, 40.0773, 200.399, 145.77, 85.2295, 277.332, 353.509
7.68758, 190.866, 40.1338, 202.059, 144.33, 86.6696, 417.4, 531.253
7.688, 190.866, 40.1338, 202.059, 147.512, 83.488, 274.927, 350.13
7.73662, 190.866, 40.1338, 202.059, 144.33, 86.6696, 417.4, 531.253
7.73706, 190.866, 40.1338, 202.059, 147.512, 83.488, 274.927, 350.13
7.78611, 190.757, 40.2432, 202.96, 144.33, 86.6696, 417.4, 530.875
7.78655, 190.757, 40.2432, 202.96, 148.432, 82.5679, 273.172, 347.694
7.8351, 190.698, 40.3015, 203.214, 144.33, 86.6696, 417.4, 530.74
7.83537, 190.698, 40.3015, 203.214, 148.698, 82.302, 272.457, 346.718
7.88893, 190.648, 40.3521, 203.361, 144.33, 86.6696, 417.4, 530.646
7.88946, 190.648, 40.3521, 203.361, 148.94, 82.06, 271.955, 346.019
7.93553, 190.635, 40.365, 203.523, 144.33, 86.6696, 417.4, 530.585
7.93582, 190.635, 40.365, 203.523, 149.036, 81.9645, 271.372, 345.284
7.98996, 190.709, 40.2908, 203.759, 144.33, 86.6696, 417.4, 530.591
7.99024, 190.709, 40.2908, 203.759, 149.078, 81.9219, 270.881, 344.75
8.04037, 196.609, 34.3911, 203.759, 146.513, 84.4868, 417.4, 530.591
8.04065, 196.609, 34.3911, 203.759, 153.766, 77.2337, 270.881, 344.75
8.14238, 190.745, 40.2553, 203.853, 144.33, 86.6696, 417.4, 530.599
8.14282, 190.745, 40.2553, 203.853, 148.881, 82.119, 269.077, 342.675
8.1894, 196.651, 34.3492, 203.874, 146.513, 84.4868, 417.4, 530.601
8.18985, 196.651, 34.3492, 203.874, 153.558, 77.4425, 268.525, 342.038
8.23734, 196.813, 34.1868, 204.14, 146.513, 84.4868, 417.4, 530.693
8.23764, 196.813, 34.1868, 204.14, 153.455, 77.5453, 267.955, 341.531
8.28717, 196.841, 34.1593, 204.316, 146.513, 84.4868, 417.4, 530.672
8.28758, 196.841, 34.1593, 204.316, 153.295, 77.705, 267.47, 341.003
8.34439, 197.02, 33.9799, 204.62, 146.513, 84.4868, 417.4, 530.77
8.34483, 197.02, 33.9799, 204.62, 153.159, 77.8411, 266.931, 340.555
8.39355, 197.28, 33.7204, 205.151, 146.513, 84.4868, 417.4, 530.888
8.39383, 197.28, 33.7204, 205.151, 153.039, 77.9615, 266.318, 340.087
8.59696, 192.033, 38.9667, 206.417, 144.33, 86.6696, 417.4, 531.162
8.59733, 192.033, 38.9667, 206.417, 147.84, 83.1599, 264.117, 338.129
8.64729, 198.11, 32.8904, 206.951, 146.513, 84.4868, 417.4, 531.239
8.64772, 198.11, 32.8904, 206.951, 153.114, 77.8863, 264.596, 338.811
8.7439, 198.26, 32.7401, 207.659, 146.513, 84.4868, 417.4, 531.201
8.74431, 198.26, 32.7401, 207.659, 154.031, 76.9686, 265.328, 339.64
8.79173, 198.244, 32.7559, 208.105, 146.513, 84.4868, 417.4, 531.065
8.792, 198.244, 32.7559, 208.105, 154.414, 76.5856, 265.498, 339.741
8.84343, 198.184, 32.8156, 208.518, 146.513, 84.4868, 417.4, 530.894
8.84399, 198.184, 32.8156, 208.518, 154.135, 76.8652, 263.483, 337.369
8.94582, 198.06, 32.94, 208.933, 146.513, 84.4868, 417.4, 530.657
8.9463, 198.06, 32.94, 208.933, 154.551, 76.4494, 263.292, 336.942
9.24248, 196.904, 34.0965, 214.784, 146.513, 84.4868, 417.4, 527.957
9.24295, 196.904, 34.0965, 214.784, 156.352, 74.6481, 259.453, 330.967
9.29225, 196.904, 34.0965, 214.784, 146.513, 84.4868, 417.4, 527.957
9.29253, 196.904, 34.0965, 214.784, 156.352, 74.6481, 259.453, 330.967
9.54716, 196.3, 34.6999, 221.121, 146.513, 84.4868, 417.4, 525.764
9.54744, 196.3, 34.6999, 221.121, 156.799, 74.201, 248.515, 318.212
9.64963, 196.324, 34.6757, 221.921, 146.513, 84.4868, 417.4, 525.594
9.65004, 196.324, 34.6757, 221.921, 157.119, 73.8807, 248.236, 317.916
9.69433, 196.35, 34.6498, 222.526, 146.513, 84.4868, 417.4, 525.474
9.6946, 196.35, 34.6498, 222.526, 157.47, 73.5295, 247.855, 317.499
9.74452, 196.332, 34.6685, 223.523, 146.513, 84.4868, 417.4, 525.215
9.74493, 196.332, 34.6685, 223.523, 157.954, 73.046, 247.331, 316.884
9.84656, 190.755, 40.2452, 223.81, 144.33, 86.6696, 417.4, 525.12
9.84684, 190.755, 40.2452, 223.81, 153.051, 77.9495, 247, 316.484
9.89752, 196.082, 34.9183, 223.918, 146.513, 84.4868, 417.4, 524.868
9.89846, 196.082, 34.9183, 223.918, 158.308, 72.6922, 246.782, 316.006
9.94525, 195.783, 35.2166, 224.156, 146.513, 84.4868, 417.4, 524.51
9.94554, 195.783, 35.2166, 224.156, 156.882, 74.1183, 246.732, 315.903
9.99863, 195.588, 35.4118, 224.216, 146.513, 84.4868, 417.4, 524.299
9.9991, 195.588, 35.4118, 224.216, 156.257, 74.7427, 246.491, 315.55
10.0466, 195.588, 35.4118, 224.216, 146.513, 84.4868, 417.4, 524.299
10.0469, 195.588, 35.4118, 224.216, 156.257, 74.7427, 246.491, 315.55
10.0999, 195.232, 35.7683, 224.344, 146.513, 84.4868, 417.4, 523.908
10.1003, 195.232, 35.7683, 224.344, 154.952, 76.0476, 246.308, 315.207
10.2019, 194.986, 36.0139, 224.485, 146.513, 84.4868, 417.4, 523.627
10.2022, 194.986, 36.0139, 224.485, 154.421, 76.5793, 246.368, 315.117
10.3016, 194.426, 36.5743, 224.761, 146.513, 84.4868, 417.4, 522.996
10.3018, 194.426, 36.5743, 224.761, 153.76, 77.2396, 246.22, 314.517
10.4002, 193.921, 37.0793, 225.444, 146.513, 84.4868, 417.4, 522.325
10.4005, 193.921, 37.0793, 225.444, 153.093, 77.9074, 246.255, 314.193
10.5031, 193.342, 37.6575, 226.94, 146.513, 84.4868, 417.4, 521.392
10.5036, 193.342, 37.6575, 226.94, 152.499, 78.5006, 246.614, 314.188
10.5474, 193.246, 37.754, 227.704, 146.513, 84.4868, 417.4, 521.117
10.5476, 193.246, 37.754, 227.704, 152.335, 78.665, 246.83, 314.399
10.6003, 193.253, 37.7474, 228.657, 146.513, 84.4868, 417.4, 520.904
10.6007, 193.253, 37.7474, 228.657, 152.168, 78.8323, 247.032, 314.713
10.6996, 193.299, 37.7007, 230.213, 146.513, 84.4868, 417.4, 520.596
10.7, 193.299, 37.7007, 230.213, 152.05, 78.9504, 247.194, 315.062
10.749, 193.236, 37.7644, 231.173, 146.513, 84.4868, 417.4, 520.315
10.7494, 193.236, 37.7644, 231.173, 151.979, 79.0205, 247.237, 315.129
10.8038, 193.236, 37.7644, 231.173, 146.513, 84.4868, 417.4, 520.315
10.8041, 193.236, 37.7644, 231.173, 151.979, 79.0205, 247.237, 315.129
10.8523, 193.216, 37.7844, 232.424, 146.513, 84.4868, 417.4, 520.015
10.8527, 193.216, 37.7844, 232.424, 151.796, 79.2042, 247.169, 315.163
10.903, 193.222, 37.7781, 232.857, 146.513, 84.4868, 417.4, 519.925
10.9033, 193.222, 37.7781, 232.857, 151.745, 79.255, 247.027, 315.064
10.9508, 193.918, 37.0821, 233.73, 146.513, 84.4868, 417.4, 520.434
10.9512, 193.918, 37.0821, 233.73, 151.663, 79.3374, 247.107, 315.918
11.002, 194.474, 36.5263, 234.487, 146.513, 84.4868, 417.4, 520.829
11.0023, 194.474, 36.5263, 234.487, 151.648, 79.3516, 247.076, 316.501
11.0499, 194.474, 36.5263, 234.487, 146.513, 84.4868, 417.4, 520.829
11.0503, 194.474, 36.5263, 234.487, 151.648, 79.3516, 247.076, 316.501
11.1535, 194.507, 36.4927, 234.525, 146.513, 84.4868, 417.4, 520.854
11.1538, 194.507, 36.4927, 234.525, 151.603, 79.3971, 247.138, 316.608
11.1996, 194.535, 36.4651, 233.893, 146.513, 84.4868, 417.4, 521.021
11.1999, 194.535, 36.4651, 233.893, 151.638, 79.3617, 246.922, 316.347
11.2549, 194.546, 36.4543, 233.478, 146.513, 84.4868, 417.4, 521.123
11.2552, 194.546, 36.4543, 233.478, 151.61, 79.3904, 246.837, 316.236
11.3094, 194.707, 36.2932, 233.185, 146.513, 84.4868, 417.4, 521.35
11.31, 194.707, 36.2932, 233.185, 151.484, 79.5161, 246.888, 316.44
11.3514, 194.793, 36.2071, 232.949, 146.513, 84.4868, 417.4, 521.489
11.3519, 194.793, 36.2071, 232.949, 151.48, 79.5202, 246.888, 316.505
11.4001, 194.793, 36.2071, 232.949, 146.513, 84.4868, 417.4, 521.489
11.4005, 194.793, 36.2071, 232.949, 151.48, 79.5202, 246.888, 316.505
11.4524, 194.982, 36.0178, 232.518, 146.513, 84.4868, 417.4, 521.776
11.4528, 194.982, 36.0178, 232.518, 151.487, 79.5129, 246.773, 316.532
11.5074, 195, 36.0003, 232.351, 146.513, 84.4868, 417.4, 521.831
11.5079, 195, 36.0003, 232.351, 151.496, 79.5043, 246.696, 316.453
11.5579, 195.006, 35.9938, 232.212, 146.513, 84.4868, 417.4, 521.868
11.5582, 195.006, 35.9938, 232.212, 151.509, 79.4914, 246.634, 316.381
11.607, 195.043, 35.9569, 232.056, 146.513, 84.4868, 417.4, 521.94
11.6072, 195.043, 35.9569, 232.056, 151.519, 79.4811, 246.572, 316.337
11.6584, 195.024, 35.9756, 231.96, 146.513, 84.4868, 417.4, 521.943
11.6588, 195.024, 35.9756, 231.96, 151.425, 79.5753, 246.638, 316.392
11.7069, 195.202, 35.798, 231.861, 146.513, 84.4868, 417.4, 522.144
11.7073, 195.202, 35.798, 231.861, 151.398, 79.6025, 246.555, 316.475
11.7561, 195.336, 35.6639, 231.697, 146.513, 84.4868, 417.4, 522.316
11.7564, 195.336, 35.6639, 231.697, 151.271, 79.7288, 246.595, 316.653
11.8072, 195.336, 35.6639, 231.697, 146.513, 84.4868, 417.4, 522.316
11.8076, 195.336, 35.6639, 231.697, 151.271, 79.7288, 246.595, 316.653
11.8533, 195.53, 35.4695, 231.417, 146.513, 84.4868, 417.4, 522.575
11.8536, 195.53, 35.4695, 231.417, 151.062, 79.9378, 246.585, 316.839
11.9567, 195.604, 35.3964, 231.369, 146.513, 84.4868, 417.4, 522.66
11.957, 195.604, 35.3964, 231.369, 150.936, 80.0638, 246.529, 316.864
12.0072, 195.699, 35.3011, 231.278, 146.513, 84.4868, 417.4, 522.777
12.0077, 195.699, 35.3011, 231.278, 150.648, 80.3517, 246.208, 316.647
12.0541, 195.699, 35.3011, 231.278, 146.513, 84.4868, 417.4, 522.777
12.0544, 195.699, 35.3011, 231.278, 150.648, 80.3517, 246.208, 316.647
12.2683, 196.319, 34.6809, 231.147, 146.513, 84.4868, 417.4, 523.433
12.2686, 196.319, 34.6809, 231.147, 150.008, 80.9924, 243.174, 314.116
12.31, 196.421, 34.579, 231.17, 146.513, 84.4868, 417.4, 523.531
12.3105, 196.421, 34.579, 231.17, 149.73, 81.2696, 242.116, 313.138
12.3658, 196.518, 34.4823, 231.271, 146.513, 84.4868, 417.4, 523.606
12.3662, 196.518, 34.4823, 231.271, 149.652, 81.3476, 240.837, 311.909
12.4132, 196.623, 34.3767, 231.274, 146.513, 84.4868, 417.4, 523.712
12.4135, 196.623, 34.3767, 231.274, 149.6, 81.4004, 239.488, 310.607
12.4562, 196.798, 34.2018, 231.477, 146.513, 84.4868, 417.4, 523.843
12.4565, 196.798, 34.2018, 231.477, 149.62, 81.3796, 238.083, 309.331
12.51, 196.967, 34.0328, 231.764, 146.513, 84.4868, 417.4, 523.95
12.5103, 196.967, 34.0328, 231.764, 149.651, 81.3486, 236.823, 308.214
12.5585, 197.074, 33.9263, 232.115, 146.513, 84.4868, 417.4, 523.979
12.5589, 197.074, 33.9263, 232.115, 149.638, 81.3616, 235.676, 307.174
12.6087, 197.074, 33.9263, 232.115, 146.513, 84.4868, 417.4, 523.979
12.609, 197.074, 33.9263, 232.115, 149.638, 81.3616, 235.676, 307.174
12.6572, 196.942, 34.0578, 233.482, 146.513, 84.4868, 417.4, 523.542
12.6575, 196.942, 34.0578, 233.482, 149.764, 81.236, 233.929, 305.398
12.7101, 196.942, 34.0578, 233.482, 146.513, 84.4868, 417.4, 523.542
12.7105, 196.942, 34.0578, 233.482, 149.764, 81.236, 233.929, 305.398
12.8094, 196.087, 34.9125, 236.386, 146.513, 84.4868, 417.4, 522.046
12.8098, 196.087, 34.9125, 236.386, 150.522, 80.4782, 231.477, 302.378
12.8589, 195.776, 35.2245, 237.422, 146.513, 84.4868, 417.4, 521.509
12.8593, 195.776, 35.2245, 237.422, 150.889, 80.1109, 230.672, 301.377
12.9116, 195.421, 35.579, 238.64, 146.513, 84.4868, 417.4, 520.893
12.9119, 195.421, 35.579, 238.64, 151.104, 79.8962, 229.922, 300.447
12.9589, 195.062, 35.9384, 239.864, 146.513, 84.4868, 417.4, 520.274
12.9593, 195.062, 35.9384, 239.864, 151.371, 79.6286, 229.081, 299.432
13.0114, 194.689, 36.3113, 241.072, 146.513, 84.4868, 417.4, 519.647
13.0117, 194.689, 36.3113, 241.072, 151.596, 79.4045, 228.178, 298.362
13.0604, 194.372, 36.6282, 242.317, 146.513, 84.4868, 417.4, 519.072
13.0607, 194.372, 36.6282, 242.317, 151.786, 79.2144, 227.305, 297.403
13.1124, 194.071, 36.9286, 243.392, 146.513, 84.4868, 417.4, 518.551
13.1127, 194.071, 36.9286, 243.392, 151.897, 79.1035, 226.138, 296.17
13.2101, 193.539, 37.461, 245.183, 146.513, 84.4868, 417.4, 517.656
13.2105, 193.539, 37.461, 245.183, 152.216, 78.7843, 223.499, 293.456
13.3103, 192.812, 38.1883, 246.436, 146.513, 84.4868, 417.4, 516.677
13.3105, 192.812, 38.1883, 246.436, 152.843, 78.1573, 219.964, 289.649
13.3637, 192.285, 38.7152, 247.083, 146.513, 84.4868, 417.4, 516.02
13.3641, 192.285, 38.7152, 247.083, 152.137, 78.8633, 219.128, 288.603
13.4604, 191.047, 39.9533, 248.425, 146.513, 84.4868, 417.4, 514.514
13.4608, 191.047, 39.9533, 248.425, 151.249, 79.7506, 216.768, 285.689
13.5659, 189.966, 41.0339, 249.436, 146.513, 84.4868, 417.4, 513.234
13.5662, 189.966, 41.0339, 249.436, 155.189, 75.8111, 208.47, 277.159
13.611, 184.403, 46.5968, 250.046, 144.33, 86.6696, 417.4, 512.632
13.6113, 184.403, 46.5968, 250.046, 150.561, 80.4392, 205.411, 274.133
13.6653, 183.902, 47.0984, 250.627, 144.33, 86.6696, 417.4, 512.008
13.6657, 183.902, 47.0984, 250.627, 151.601, 79.399, 202.92, 271.617
13.7178, 183.501, 47.4991, 251.318, 144.33, 86.6696, 417.4, 511.463
13.7182, 183.501, 47.4991, 251.318, 152.509, 78.491, 200.766, 269.565
13.7618, 183.501, 47.4991, 251.318, 144.33, 86.6696, 417.4, 511.463
13.7622, 183.501, 47.4991, 251.318, 152.509, 78.491, 200.766, 269.565
13.825, 182.849, 48.1515, 253.631, 144.33, 86.6696, 417.4, 510.34
13.8256, 182.849, 48.1515, 253.631, 153.959, 77.0411, 197.351, 266.77
13.964, 183.106, 47.8936, 255.777, 144.33, 86.6696, 417.4, 510.176
13.9644, 183.106, 47.8936, 255.777, 155.008, 75.9923, 195.027, 265.775
14.0259, 183.926, 47.0741, 257.666, 144.33, 86.6696, 417.4, 510.635
14.0271, 183.926, 47.0741, 257.666, 155.637, 75.3634, 193.258, 265.74
14.0779, 184.161, 46.839, 258.724, 144.33, 86.6696, 417.4, 510.67
14.0783, 184.161, 46.839, 258.724, 155.637, 75.3634, 193.258, 266.325
14.1664, 189.522, 41.4778, 261.018, 146.513, 84.4868, 417.4, 510.714
14.1667, 189.522, 41.4778, 261.018, 161.653, 69.3469, 193.258, 267.569
14.2233, 184.699, 46.3013, 261.54, 144.33, 86.6696, 417.4, 510.685
14.2237, 184.699, 46.3013, 261.54, 155.637, 75.3634, 193.258, 267.819
14.2653, 184.76, 46.2398, 262.019, 144.33, 86.6696, 417.4, 510.659
14.2656, 184.76, 46.2398, 262.019, 155.637, 75.3634, 193.258, 268.049
14.4676, 184.815, 46.1855, 262.441, 144.33, 86.6696, 417.4, 510.636
14.4679, 184.815, 46.1855, 262.441, 155.637, 75.3634, 193.258, 268.252
14.5179, 184.815, 46.1855, 262.441, 144.33, 86.6696, 417.4, 510.636
14.5183, 184.815, 46.1855, 262.441, 155.637, 75.3634, 193.258, 268.252
14.5732, 184.815, 46.1855, 262.441, 144.33, 86.6696, 417.4, 510.636
14.5735, 184.815, 46.1855, 262.441, 155.637, 75.3634, 193.258, 268.252
14.6199, 184.815, 46.1855, 262.441, 144.33, 86.6696, 417.4, 510.636
14.6204, 184.815, 46.1855, 262.441, 155.637, 75.3634, 193.258, 268.252
14.6693, 184.815, 46.1855, 262.441, 144.33, 86.6696, 417.4, 510.636
14.6697, 184.815, 46.1855, 262.441, 155.637, 75.3634, 193.258, 268.252
14.7159, 184.815, 46.1855, 262.441, 144.33, 86.6696, 417.4, 510.636
14.7163, 184.815, 46.1855, 262.441, 155.637, 75.3634, 193.258, 268.252
14.7684, 184.815, 46.1855, 262.441, 144.33, 86.6696, 417.4, 510.636
14.7689, 184.815, 46.1855, 262.441, 155.637, 75.3634, 193.258, 268.252
14.8261, 184.815, 46.1855, 262.441, 144.33, 86.6696, 417.4, 510.636
14.8264, 184.815, 46.1855, 262.441, 155.637, 75.3634, 193.258, 268.252
14.8662, 184.815, 46.1855, 262.441, 144.33, 86.6696, 417.4, 510.636
14.8666, 184.815, 46.1855, 262.441, 155.637, 75.3634, 193.258, 268.252
14.9194, 184.815, 46.1855, 262.441, 144.33, 86.6696, 417.4, 510.636
14.9198, 184.815, 46.1855, 262.441, 155.637, 75.3634, 193.258, 268.252
14.9754, 184.815, 46.1855, 262.441, 144.33, 86.6696, 417.4, 510.636
14.9763, 184.815, 46.1855, 262.441, 155.637, 75.3634, 193.258, 268.252
15.019, 184.815, 46.1855, 262.441, 144.33, 86.6696, 417.4, 510.636
15.0194, 184.815, 46.1855, 262.441, 155.637, 75.3634, 193.258, 268.252
15.0734, 184.815, 46.1855, 262.441, 144.33, 86.6696, 417.4, 510.636
15.0737, 184.815, 46.1855, 262.441, 155.637, 75.3634, 193.258, 268.252
15.1193, 184.815, 46.1855, 262.441, 144.33, 86.6696, 417.4, 510.636
15.1198, 184.815, 46.1855, 262.441, 155.637, 75.3634, 193.258, 268.252
15.1684, 184.815, 46.1855, 262.441, 144.33, 86.6696, 417.4, 510.636
15.1688, 184.815, 46.1855, 262.441, 155.637, 75.3634, 193.258, 268.252
15.2784, 189.681, 41.3191, 262.441, 146.513, 84.4868, 417.4, 510.636
15.2789, 189.681, 41.3191, 262.441, 161.653, 69.3469, 193.258, 268.252
15.3193, 184.815, 46.1855, 262.441, 144.33, 86.6696, 417.4, 510.636
15.3196, 184.815, 46.1855, 262.441, 155.637, 75.3634, 193.258, 268.252
15.3724, 184.815, 46.1855, 262.441, 144.33, 86.6696, 417.4, 510.636
15.3728, 184.815, 46.1855, 262.441, 155.637, 75.3634, 193.258, 268.252
15.4202, 184.815, 46.1855, 262.441, 144.33, 86.6696, 417.4, 510.636
15.4206, 184.815, 46.1855, 262.441, 155.637, 75.3634, 193.258, 268.252
15.4708, 189.681, 41.3191, 262.441, 146.513, 84.4868, 417.4, 510.636
15.4712, 189.681, 41.3191, 262.441, 161.653, 69.3469, 193.258, 268.252
15.5201, 189.681, 41.3191, 262.441, 146.513, 84.4868, 417.4, 510.636
15.5205, 189.681, 41.3191, 262.441, 161.653, 69.3469, 193.258, 268.252
15.6736, 184.815, 46.1855, 262.441, 144.33, 86.6696, 417.4, 510.636
15.674, 184.815, 46.1855, 262.441, 155.637, 75.3634, 193.258, 268.252
15.7337, 184.815, 46.1855, 262.441, 144.33, 86.6696, 417.4, 510.636
15.734, 184.815, 46.1855, 262.441, 155.637, 75.3634, 193.258, 268.252
15.773, 189.681, 41.3191, 262.441, 146.513, 84.4868, 417.4, 510.636
15.7734, 189.681, 41.3191, 262.441, 161.653, 69.3469, 193.258, 268.252
15.8212, 189.681, 41.3191, 262.441, 146.513, 84.4868, 417.4, 510.636
15.8216, 189.681, 41.3191, 262.441, 161.653, 69.3469, 193.258, 268.252
15.8818, 189.681, 41.3191, 262.441, 146.513, 84.4868, 417.4, 510.636
15.8821, 189.681, 41.3191, 262.441, 161.653, 69.3469, 193.258, 268.252
15.9304, 189.681, 41.3191, 262.441, 146.513, 84.4868, 417.4, 510.636
15.9308, 189.681, 41.3191, 262.441, 161.653, 69.3469, 193.258, 268.252
15.9751, 189.681, 41.3191, 262.441, 146.513, 84.4868, 417.4, 510.636
15.9755, 189.681, 41.3191, 262.441, 161.653, 69.3469, 193.258, 268.252
16.0787, 189.681, 41.3191, 262.441, 146.513, 84.4868, 417.4, 510.636
16.079, 189.681, 41.3191, 262.441, 161.653, 69.3469, 193.258, 268.252
16.1226, 189.681, 41.3191, 262.441, 146.513, 84.4868, 417.4, 510.636
16.123, 189.681, 41.3191, 262.441, 161.653, 69.3469, 193.258, 268.252
16.1796, 187.815, 46.1855, 262.441, 147.33, 86.6696, 417.4, 510.636
16.1799, 187.815, 46.1855, 262.441, 158.637, 75.3634, 193.258, 268.252
16.2261, 187.815, 46.1855, 262.441, 147.33, 86.6696, 417.4, 510.636
16.2264, 187.815, 46.1855, 262.441, 158.637, 75.3634, 193.258, 268.252
16.2767, 189.681, 41.3191, 262.441, 146.513, 84.4868, 417.4, 510.636
16.2772, 189.681, 41.3191, 262.441, 161.653, 69.3469, 193.258, 268.252
16.3256, 189.681, 41.3191, 262.441, 146.513, 84.4868, 417.4, 510.636
16.3262, 189.681, 41.3191, 262.441, 161.653, 69.3469, 193.258, 268.252
16.3734, 189.681, 41.3191, 262.441, 146.513, 84.4868, 417.4, 510.636
16.3739, 189.681, 41.3191, 262.441, 161.653, 69.3469, 193.258, 268.252
16.4273, 184.815, 46.1855, 262.441, 144.33, 86.6696, 417.4, 510.636
16.4276, 184.815, 46.1855, 262.441, 155.637, 75.3634, 193.258, 268.252
16.4777, 189.681, 41.3191, 262.441, 146.513, 84.4868, 417.4, 510.636
16.4781, 189.681, 41.3191, 262.441, 161.653, 69.3469, 193.258, 268.252
16.5265, 189.681, 41.3191, 262.441, 146.513, 84.4868, 417.4, 510.636
16.5269, 189.681, 41.3191, 262.441, 161.653, 69.3469, 193.258, 268.252
16.576, 189.681, 41.3191, 262.441, 146.513, 84.4868, 417.4, 510.636
16.5763, 189.681, 41.3191, 262.441, 161.653, 69.3469, 193.258, 268.252
16.627, 189.681, 41.3191, 262.441, 146.513, 84.4868, 417.4, 510.636
16.6274, 189.681, 41.3191, 262.441, 161.653, 69.3469, 193.258, 268.252
16.6759, 189.681, 41.3191, 262.441, 146.513, 84.4868, 417.4, 510.636
16.6762, 189.681, 41.3191, 262.441, 161.653, 69.3469, 193.258, 268.252
16.729, 184.815, 46.1855, 262.441, 144.33, 86.6696, 417.4, 510.636
16.7297, 184.815, 46.1855, 262.441, 155.637, 75.3634, 193.258, 268.252
16.776, 218.097, 12.9028, 172.616, 146.513, 84.4868, 417.4, 590.653
16.7763, 218.097, 12.9028, 172.616, 161.653, 69.3469, 193.258, 302.344
16.8286, 218.097, 12.9028, 172.616, 146.513, 84.4868, 417.4, 590.653
16.829, 218.097, 12.9028, 172.616, 161.653, 69.3469, 193.258, 302.344
16.8779, 210.924, 20.0757, 160.875, 146.513, 84.4868, 417.4, 603.616
16.8783, 210.924, 20.0757, 160.875, 161.653, 69.3469, 193.258, 310.519
16.9255, 210.924, 20.0757, 160.875, 146.513, 84.4868, 417.4, 603.616
16.9259, 210.924, 20.0757, 160.875, 161.653, 69.3469, 193.258, 310.519
16.9783, 206.16, 24.8404, 154.36, 146.513, 84.4868, 417.4, 612.241
16.9787, 206.16, 24.8404, 154.36, 161.653, 69.3469, 193.258, 316.447
17.0295, 206.16, 24.8404, 154.36, 146.513, 84.4868, 417.4, 612.241
17.0299, 206.16, 24.8404, 154.36, 161.653, 69.3469, 193.258, 316.447
17.0798, 202.936, 28.0641, 150.318, 146.513, 84.4868, 417.4, 618.189
17.0801, 202.936, 28.0641, 150.318, 161.653, 69.3469, 193.258, 320.689
17.1318, 202.936, 28.0641, 150.318, 146.513, 84.4868, 417.4, 618.189
17.132, 202.936, 28.0641, 150.318, 161.653, 69.3469, 193.258, 320.689
17.1876, 200.344, 30.6557, 147.847, 146.513, 84.4868, 417.4, 622.755
17.1881, 200.344, 30.6557, 147.847, 161.653, 69.3469, 193.258, 324.116
17.2289, 200.344, 30.6557, 147.847, 146.513, 84.4868, 417.4, 622.755
17.2293, 200.344, 30.6557, 147.847, 161.653, 69.3469, 193.258, 324.116
17.3093, 198.393, 32.607, 146.22, 146.513, 84.4868, 417.4, 626.167
17.3097, 198.393, 32.607, 146.22, 161.653, 69.3469, 193.258, 326.732
17.3303, 198.393, 32.607, 146.22, 146.513, 84.4868, 417.4, 626.167
17.3306, 198.393, 32.607, 146.22, 161.653, 69.3469, 193.258, 326.732
17.378, 196.876, 34.1245, 145.069, 146.513, 84.4868, 417.4, 628.817
17.3783, 196.876, 34.1245, 145.069, 161.653, 69.3469, 193.258, 328.791
17.4782, 195.555, 35.445, 144.107, 146.513, 84.4868, 417.4, 631.145
17.4785, 195.555, 35.445, 144.107, 161.653, 69.3469, 193.258, 330.61
17.5334, 195.555, 35.445, 144.107, 146.513, 84.4868, 417.4, 631.145
17.5338, 195.555, 35.445, 144.107, 161.653, 69.3469, 193.258, 330.61
17.5803, 195.062, 35.9377, 143.489, 146.513, 84.4868, 417.4, 632.179
17.5806, 195.062, 35.9377, 143.489, 161.653, 69.3469, 193.258, 331.373
17.6347, 194.642, 36.3583, 143.313, 146.513, 84.4868, 417.4, 632.859
17.635, 194.642, 36.3583, 143.313, 161.653, 69.3469, 193.258, 331.928
17.6795, 196.496, 34.5042, 140.692, 146.513, 84.4868, 417.4, 631.895
17.6798, 196.496, 34.5042, 140.692, 161.653, 69.3469, 193.258, 330.475
17.7324, 196.496, 34.5042, 140.692, 146.513, 84.4868, 417.4, 631.895
17.7327, 196.496, 34.5042, 140.692, 161.653, 69.3469, 193.258, 330.475
17.7848, 196.878, 34.1216, 139.274, 146.513, 84.4868, 417.4, 632.233
17.7852, 196.878, 34.1216, 139.274, 161.653, 69.3469, 193.258, 330.448
17.8315, 196.878, 34.1216, 139.274, 146.513, 84.4868, 417.4, 632.233
17.8318, 196.878, 34.1216, 139.274, 161.653, 69.3469, 193.258, 330.448
17.887, 196.205, 34.7952, 139.556, 146.513, 84.4868, 417.4, 632.991
17.8872, 196.205, 34.7952, 139.556, 161.653, 69.3469, 193.258, 331.179
17.9302, 193.423, 37.577, 137.312, 146.513, 84.4868, 417.4, 638.371
17.9304, 193.423, 37.577, 137.312, 161.653, 69.3469, 193.258, 335.398
17.9808, 190.751, 40.2489, 135.409, 146.513, 84.4868, 417.4, 643.659
17.9813, 190.751, 40.2489, 135.409, 161.653, 69.3469, 193.258, 339.604
18.0399, 189.743, 41.2573, 134.973, 146.513, 84.4868, 417.4, 645.526
18.0402, 189.743, 41.2573, 134.973, 161.653, 69.3469, 193.258, 341.137
18.0824, 188.931, 42.0695, 134.576, 146.513, 84.4868, 417.4, 647.094
18.0828, 188.931, 42.0695, 134.576, 161.653, 69.3469, 193.258, 342.417
18.1386, 188.931, 42.0695, 134.576, 146.513, 84.4868, 417.4, 647.094
18.1389, 188.931, 42.0695, 134.576, 161.653, 69.3469, 193.258, 342.417
18.1816, 187.767, 43.2326, 133.821, 146.513, 84.4868, 417.4, 649.545
18.1818, 187.767, 43.2326, 133.821, 161.653, 69.3469, 193.258, 344.388
18.236, 187.767, 43.2326, 133.821, 146.513, 84.4868, 417.4, 649.545
18.2363, 187.767, 43.2326, 133.821, 161.653, 69.3469, 193.258, 344.388
18.2826, 187.376, 43.6237, 133.339, 146.513, 84.4868, 417.4, 650.579
18.283, 187.376, 43.6237, 133.339, 161.653, 69.3469, 193.258, 345.184
18.3341, 186.95, 44.0502, 132.908, 146.513, 84.4868, 417.4, 651.647
18.3346, 186.95, 44.0502, 132.908, 161.653, 69.3469, 193.258, 346.02
18.3907, 185.843, 45.1569, 132.113, 146.513, 84.4868, 417.4, 654.213
18.3909, 185.843, 45.1569, 132.113, 161.653, 69.3469, 193.258, 348.078
18.4323, 185.843, 45.1569, 132.113, 146.513, 84.4868, 417.4, 654.213
18.4326, 185.843, 45.1569, 132.113, 161.653, 69.3469, 193.258, 348.078
18.4839, 184.323, 46.6766, 131.452, 146.513, 84.4868, 417.4, 657.5
18.4842, 184.323, 46.6766, 131.452, 161.653, 69.3469, 193.258, 350.782
18.5332, 184.323, 46.6766, 131.452, 146.513, 84.4868, 417.4, 657.5
18.5335, 184.323, 46.6766, 131.452, 161.653, 69.3469, 193.258, 350.782
18.5837, 182.863, 48.1368, 130.82, 146.513, 84.4868, 417.4, 660.838
18.5842, 182.863, 48.1368, 130.82, 161.653, 69.3469, 193.258, 353.53
18.6333, 182.863, 48.1368, 130.82, 146.513, 84.4868, 417.4, 660.838
18.6337, 182.863, 48.1368, 130.82, 161.653, 69.3469, 193.258, 353.53
18.6858, 182.187, 48.8134, 130.615, 146.513, 84.4868, 417.4, 662.359
18.6862, 182.187, 48.8134, 130.615, 161.653, 69.3469, 193.258, 354.796
18.7376, 181.901, 49.0988, 130.54, 146.513, 84.4868, 417.4, 663.001
18.7379, 181.901, 49.0988, 130.54, 161.653, 69.3469, 193.258, 355.333
18.7873, 181.433, 49.5667, 128.834, 146.513, 84.4868, 417.4, 666.044
18.7876, 181.433, 49.5667, 128.834, 161.653, 69.3469, 193.258, 357.608
18.8394, 181.02, 49.9795, 127.835, 146.513, 84.4868, 417.4, 668.322
18.8398, 181.02, 49.9795, 127.835, 161.653, 69.3469, 193.258, 359.366
18.8847, 177.856, 53.1435, 127.848, 146.513, 84.4868, 417.4, 676.297
18.885, 177.856, 53.1435, 127.848, 161.653, 69.3469, 193.258, 366.17
18.9385, 175.924, 55.0756, 128.321, 146.513, 84.4868, 417.4, 681.373
18.9389, 175.924, 55.0756, 128.321, 161.653, 69.3469, 193.258, 370.562
18.9852, 174.592, 56.4084, 128.805, 146.513, 84.4868, 417.4, 685.237
18.9856, 174.592, 56.4084, 128.805, 161.653, 69.3469, 193.258, 373.917
19.0354, 174.592, 56.4084, 128.805, 146.513, 84.4868, 417.4, 685.237
19.0356, 174.592, 56.4084, 128.805, 161.653, 69.3469, 193.258, 373.917
19.1025, 172.259, 58.7407, 130.343, 146.513, 84.4868, 417.4, 691.425
19.1027, 172.259, 58.7407, 130.343, 161.653, 69.3469, 193.258, 379.406
19.1351, 171.569, 59.4309, 130.889, 146.513, 84.4868, 417.4, 693.558
19.1355, 171.569, 59.4309, 130.889, 161.653, 69.3469, 193.258, 381.295
19.1865, 183.083, 50.917, 131.624, 147.33, 86.6696, 417.4, 695.583
19.187, 183.083, 50.917, 131.624, 158.637, 75.3634, 193.258, 383.124
19.2379, 170.771, 60.2295, 131.624, 146.513, 84.4868, 417.4, 695.583
19.2383, 170.771, 60.2295, 131.624, 161.653, 69.3469, 193.258, 383.124
19.2866, 169.465, 61.5352, 132.946, 146.513, 84.4868, 417.4, 698.91
19.2869, 169.465, 61.5352, 132.946, 161.653, 69.3469, 193.258, 386.145
19.338, 169.465, 61.5352, 132.946, 146.513, 84.4868, 417.4, 698.91
19.3385, 169.465, 61.5352, 132.946, 161.653, 69.3469, 193.258, 386.145
19.3886, 180.704, 53.2961, 134.263, 147.33, 86.6696, 417.4, 701.632
19.3889, 180.704, 53.2961, 134.263, 158.637, 75.3634, 193.258, 388.654
19.4454, 167.689, 63.3111, 134.902, 146.513, 84.4868, 417.4, 702.827
19.4457, 167.689, 63.3111, 134.902, 161.653, 69.3469, 193.258, 389.765
19.4881, 167.235, 63.7649, 135.407, 146.513, 84.4868, 417.4, 703.666
19.4884, 167.235, 63.7649, 135.407, 161.653, 69.3469, 193.258, 390.556
19.5408, 166.891, 64.1093, 135.822, 146.513, 84.4868, 417.4, 704.503
19.5412, 166.891, 64.1093, 135.822, 161.653, 69.3469, 193.258, 391.327
19.5917, 166.587, 64.4129, 136.194, 146.513, 84.4868, 417.4, 705.243
19.5921, 166.587, 64.4129, 136.194, 161.653, 69.3469, 193.258, 392.009
19.648, 166.314, 64.6862, 136.534, 146.513, 84.4868, 417.4, 705.909
19.6484, 166.314, 64.6862, 136.534, 161.653, 69.3469, 193.258, 392.624
19.6909, 166.068, 64.9324, 136.845, 146.513, 84.4868, 417.4, 706.509
19.6914, 166.068, 64.9324, 136.845, 161.653, 69.3469, 193.258, 393.179
19.7474, 165.842, 65.1583, 137.133, 146.513, 84.4868, 417.4, 707.06
19.7477, 165.842, 65.1583, 137.133, 161.653, 69.3469, 193.258, 393.689
19.7929, 165.725, 65.2753, 137.185, 146.513, 84.4868, 417.4, 706.797
19.7932, 165.725, 65.2753, 137.185, 161.653, 69.3469, 193.258, 393.481
19.8453, 165.552, 65.4484, 137.398, 146.513, 84.4868, 417.4, 707.176
19.8457, 165.552, 65.4484, 137.398, 161.653, 69.3469, 193.258, 393.834
19.9009, 165.542, 65.4582, 137.417, 146.513, 84.4868, 417.4, 707.236
19.9013, 165.542, 65.4582, 137.417, 161.653, 69.3469, 193.258, 393.887
19.9458, 165.542, 65.4582, 137.417, 146.513, 84.4868, 417.4, 707.236
19.9462, 165.542, 65.4582, 137.417, 161.653, 69.3469, 193.258, 393.887
19.9937, 165.542, 65.4582, 137.417, 146.513, 84.4868, 417.4, 707.236
19.9941, 165.542, 65.4582, 137.417, 161.653, 69.3469, 193.258, 393.887
20.0621, 165.542, 65.4582, 137.417, 146.513, 84.4868, 417.4, 707.236
20.0626, 165.542, 65.4582, 137.417, 161.653, 69.3469, 193.258, 393.887
20.0924, 165.542, 65.4582, 137.417, 146.513, 84.4868, 417.4, 707.236
20.0929, 165.542, 65.4582, 137.417, 161.653, 69.3469, 193.258, 393.887
20.143, 165.542, 65.4582, 137.417, 146.513, 84.4868, 417.4, 707.236
20.1434, 165.542, 65.4582, 137.417, 161.653, 69.3469, 193.258, 393.887
20.2148, 165.542, 65.4582, 137.417, 146.513, 84.4868, 417.4, 707.236
20.2154, 165.542, 65.4582, 137.417, 161.653, 69.3469, 193.258, 393.887
20.2466, 165.542, 65.4582, 137.417, 146.513, 84.4868, 417.4, 707.236
20.2469, 165.542, 65.4582, 137.417, 161.653, 69.3469, 193.258, 393.887
20.297, 165.542, 65.4582, 137.417, 146.513, 84.4868, 417.4, 707.236
20.2974, 165.542, 65.4582, 137.417, 161.653, 69.3469, 193.258, 393.887
20.347, 165.542, 65.4582, 137.417, 146.513, 84.4868, 417.4, 707.236
20.3474, 165.542, 65.4582, 137.417, 161.653, 69.3469, 193.258, 393.887
20.3998, 165.542, 65.4582, 137.417, 146.513, 84.4868, 417.4, 707.236
20.4005, 165.542, 65.4582, 137.417, 161.653, 69.3469, 193.258, 393.887
20.4533, 165.542, 65.4582, 137.417, 146.513, 84.4868, 417.4, 707.236
20.4535, 165.542, 65.4582, 137.417, 161.653, 69.3469, 193.258, 393.887
20.5038, 165.542, 65.4582, 137.417, 146.513, 84.4868, 417.4, 707.236
20.5042, 165.542, 65.4582, 137.417, 161.653, 69.3469, 193.258, 393.887
20.5938, 165.542, 65.4582, 137.417, 146.513, 84.4868, 417.4, 707.236
20.5951, 165.542, 65.4582, 137.417, 161.653, 69.3469, 193.258, 393.887
20.6216, 165.542, 65.4582, 137.417, 146.513, 84.4868, 417.4, 707.236
20.6221, 165.542, 65.4582, 137.417, 161.653, 69.3469, 193.258, 393.887
20.6537, 165.542, 65.4582, 137.417, 146.513, 84.4868, 417.4, 707.236
20.6541, 165.542, 65.4582, 137.417, 161.653, 69.3469, 193.258, 393.887
20.6998, 165.542, 65.4582, 137.417, 146.513, 84.4868, 417.4, 707.236
20.7003, 165.542, 65.4582, 137.417, 161.653, 69.3469, 193.258, 393.887
20.7515, 165.542, 65.4582, 137.417, 146.513, 84.4868, 417.4, 707.236
20.7518, 165.542, 65.4582, 137.417, 161.653, 69.3469, 193.258, 393.887
20.7987, 165.542, 65.4582, 137.417, 146.513, 84.4868, 417.4, 707.236
20.7992, 165.542, 65.4582, 137.417, 161.653, 69.3469, 193.258, 393.887
20.8441, 165.542, 65.4582, 137.417, 146.513, 84.4868, 417.4, 707.236
20.8443, 165.542, 65.4582, 137.417, 161.653, 69.3469, 193.258, 393.887
20.8996, 165.542, 65.4582, 137.417, 146.513, 84.4868, 417.4, 707.236
20.8998, 165.542, 65.4582, 137.417, 161.653, 69.3469, 193.258, 393.887
20.9751, 165.542, 65.4582, 137.417, 146.513, 84.4868, 417.4, 707.236
20.9753, 165.542, 65.4582, 137.417, 161.653, 69.3469, 193.258, 393.887
20.9976, 165.542, 65.4582, 137.417, 146.513, 84.4868, 417.4, 707.236
20.9979, 165.542, 65.4582, 137.417, 161.653, 69.3469, 193.258, 393.887
21.0519, 165.542, 65.4582, 137.417, 146.513, 84.4868, 417.4, 707.236
21.0521, 165.542, 65.4582, 137.417, 161.653, 69.3469, 193.258, 393.887
21.0977, 165.542, 65.4582, 137.417, 146.513, 84.4868, 417.4, 707.236
21.0981, 165.542, 65.4582, 137.417, 161.653, 69.3469, 193.258, 393.887
21.1478, 165.542, 65.4582, 137.417, 146.513, 84.4868, 417.4, 707.236
21.1482, 165.542, 65.4582, 137.417, 161.653, 69.3469, 193.258, 393.887
21.2019, 165.542, 65.4582, 137.417, 146.513, 84.4868, 417.4, 707.236
21.2022, 165.542, 65.4582, 137.417, 161.653, 69.3469, 193.258, 393.887
21.2487, 165.542, 65.4582, 137.417, 146.513, 84.4868, 417.4, 707.236
21.2489, 165.542, 65.4582, 137.417, 161.653, 69.3469, 193.258, 393.887
21.2987, 165.542, 65.4582, 137.417, 146.513, 84.4868, 417.4, 707.236
21.2991, 165.542, 65.4582, 137.417, 161.653, 69.3469, 193.258, 393.887
21.3558, 165.542, 65.4582, 137.417, 146.513, 84.4868, 417.4, 707.236
21.3569, 165.542, 65.4582, 137.417, 161.653, 69.3469, 193.258, 393.887
21.3988, 165.542, 65.4582, 137.417, 146.513, 84.4868, 417.4, 707.236
21.3991, 165.542, 65.4582, 137.417, 161.653, 69.3469, 193.258, 393.887
21.4515, 165.542, 65.4582, 137.417, 146.513, 84.4868, 417.4, 707.236
21.452, 165.542, 65.4582, 137.417, 161.653, 69.3469, 193.258, 393.887
21.5123, 165.542, 65.4582, 137.417, 146.513, 84.4868, 417.4, 707.236
21.5128, 165.542, 65.4582, 137.417, 161.653, 69.3469, 193.258, 393.887
21.6053, 165.542, 65.4582, 137.417, 146.513, 84.4868, 417.4, 707.236
21.6056, 165.542, 65.4582, 137.417, 161.653, 69.3469, 193.258, 393.887
21.6475, 165.542, 65.4582, 137.417, 146.513, 84.4868, 417.4, 707.236
21.648, 165.542, 65.4582, 137.417, 161.653, 69.3469, 193.258, 393.887
21.6972, 165.542, 65.4582, 137.417, 146.513, 84.4868, 417.4, 707.236
21.6977, 165.542, 65.4582, 137.417, 161.653, 69.3469, 193.258, 393.887
21.8062, 165.542, 65.4582, 137.417, 146.513, 84.4868, 417.4, 707.236
21.8064, 165.542, 65.4582, 137.417, 161.653, 69.3469, 193.258, 393.887
21.8564, 165.542, 65.4582, 137.417, 146.513, 84.4868, 417.4, 707.236
21.8568, 165.542, 65.4582, 137.417, 161.653, 69.3469, 193.258, 393.887
21.9597, 165.542, 65.4582, 137.417, 146.513, 84.4868, 417.4, 707.236
21.96, 165.542, 65.4582, 137.417, 161.653, 69.3469, 193.258, 393.887
21.999, 165.542, 65.4582, 137.417, 146.513, 84.4868, 417.4, 707.236
21.9994, 165.542, 65.4582, 137.417, 161.653, 69.3469, 193.258, 393.887
22.1098, 165.542, 65.4582, 137.417, 146.513, 84.4868, 417.4, 707.236
22.1103, 165.542, 65.4582, 137.417, 161.653, 69.3469, 193.258, 393.887
22.1501, 165.542, 65.4582, 137.417, 146.513, 84.4868, 417.4, 707.236
22.1504, 165.542, 65.4582, 137.417, 161.653, 69.3469, 193.258, 393.887
